data01/BiomassAHP.asc
NCOLS 73
NROWS 78
XLLCORNER 114.8409628900
YLLCORNER 27.1302345400
CELLSIZE 0.100000
NODATA_VALUE -99999.0000
[rows 0 to 31 of 78, columns 0 to 70 of 73]
0.0000 0.0000 0.0000 0.0000 0.0000 0.0000 0.0000 0.0000 0.0000 0.0000 0.0000 0.0000 0.0000 0.0000 0.0000 0.5663 0.5789 0.6102 0.6300 0.6818 0.6016 0.6263 0.0000 0.0000 0.0000 0.0000 0.0000 0.0000 0.0000 0.0000 0.0000 0.0000 0.0000 0.0000 0.0000 0.0000 0.0000 0.0000 0.0000 0.5898 0.6971 0.7116 0.6978 0.6489 0.0000 0.0000 0.0000 0.0000 0.0000 0.0000 0.0000 0.0000 0.0000 0.0000 0.0000 0.0000 0.0000 0.0000 0.0000 0.0000 0.0000 0.0000 0.0000 0.0000 0.0000 0.0000 0.0000 0.0000 0.0000 0.0000 0.0000
0.0000 0.0000 0.0000 0.0000 0.0000 0.0000 0.0000 0.0000 0.0000 0.0000 0.0000 0.0000 0.0000 0.0000 0.0000 0.6000 0.6789 0.7076 0.7157 0.7272 0.7023 0.5464 0.3430 0.0000 0.0000 0.0000 0.0000 0.0000 0.0000 0.0000 0.0000 0.0000 0.0000 0.0000 0.0000 0.0000 0.0000 0.0000 0.5548 0.6386 0.7600 0.7505 0.6768 0.6130 0.5192 0.4634 0.0000 0.0000 0.0000 0.0000 0.0000 0.0000 0.0000 0.0000 0.0000 0.0000 0.0000 0.0000 0.0000 0.0000 0.0000 0.0000 0.0000 0.0000 0.0000 0.0000 0.0000 0.0000 0.0000 0.0000 0.0000
0.0000 0.0000 0.0000 0.0000 0.0000 0.0000 0.0000 0.0000 0.0000 0.0000 0.0000 0.0000 0.0000 0.0000 0.0000 0.6124 0.6942 0.7169 0.7336 0.7438 0.7431 0.6833 0.4409 0.0000 0.0000 0.0000 0.0000 0.0000 0.0000 0.5016 0.5817 0.4968 0.4288 0.0000 0.0000 0.0000 0.4769 0.5586 0.5643 0.6764 0.7262 0.7706 0.7299 0.6591 0.6242 0.6298 0.4543 0.1949 0.0000 0.0000 0.0000 0.0000 0.0000 0.0000 0.0000 0.0000 0.0000 0.0000 0.0000 0.0000 0.0000 0.0000 0.0000 0.0000 0.0000 0.0000 0.0000 0.0000 0.0000 0.0000 0.0000
0.0000 0.0000 0.0000 0.0000 0.0000 0.0000 0.0000 0.0000 0.0000 0.0000 0.0000 0.0000 0.0000 0.4863 0.5264 0.6384 0.7038 0.7130 0.7094 0.7381 0.7527 0.7241 0.6522 0.6086 0.5539 0.5219 0.0000 0.0000 0.4744 0.5561 0.6783 0.6706 0.6075 0.5796 0.0000 0.5307 0.6294 0.6720 0.6788 0.7053 0.7486 0.7978 0.7354 0.6959 0.7015 0.6796 0.6145 0.5180 0.0000 0.0000 0.0000 0.0000 0.0000 0.0000 0.0000 0.0000 0.0000 0.0000 0.0000 0.0000 0.0000 0.0000 0.0000 0.0000 0.0000 0.0000 0.0000 0.0000 0.0000 0.0000 0.0000
0.0000 0.0000 0.0000 0.0000 0.0000 0.0000 0.0000 0.0000 0.0000 0.0000 0.0000 0.0000 0.0000 0.4681 0.6483 0.6817 0.6713 0.6999 0.7118 0.7138 0.7402 0.7338 0.6785 0.5061 0.6249 0.6452 0.5614 0.5751 0.6198 0.6841 0.7104 0.7098 0.6599 0.5087 0.0000 0.4550 0.6506 0.6977 0.6968 0.7187 0.7449 0.7694 0.7304 0.7142 0.7660 0.7198 0.6620 0.6427 0.5585 0.5040 0.5273 0.0000 0.0000 0.0000 0.0000 0.0000 0.0000 0.0000 0.0000 0.0000 0.0000 0.0000 0.0000 0.0000 0.0000 0.0000 0.0000 0.0000 0.0000 0.0000 0.0000
0.0000 0.0000 0.0000 0.0000 0.0000 0.0000 0.0000 0.0000 0.0000 0.0000 0.0000 0.0000 0.0000 0.4408 0.6094 0.6497 0.6659 0.6864 0.6952 0.7285 0.7388 0.7348 0.6982 0.6181 0.6525 0.6804 0.6740 0.6906 0.7129 0.7186 0.7244 0.6914 0.6853 0.5622 0.6017 0.6314 0.6876 0.7284 0.7269 0.7285 0.7135 0.7822 0.7509 0.7134 0.7622 0.7380 0.7026 0.6844 0.6586 0.6115 0.5733 0.5495 0.6057 0.0000 0.0000 0.0000 0.0000 0.0000 0.0000 0.0000 0.0000 0.0000 0.0000 0.0000 0.0000 0.0000 0.0000 0.0000 0.0000 0.0000 0.0000
0.0000 0.0000 0.0000 0.0000 0.0000 0.0000 0.0000 0.0000 0.0000 0.0000 0.0000 0.0000 0.0000 0.0000 0.4983 0.5874 0.6151 0.6290 0.6846 0.7049 0.7145 0.7289 0.7333 0.6501 0.6309 0.6618 0.7261 0.7478 0.7235 0.7233 0.7219 0.6696 0.6772 0.6709 0.6803 0.7000 0.7174 0.7363 0.7379 0.7464 0.7411 0.7865 0.7846 0.7187 0.7462 0.7374 0.7256 0.7325 0.6888 0.6778 0.6287 0.5988 0.5693 0.5485 0.4360 0.0000 0.0000 0.0000 0.0000 0.0000 0.0000 0.0000 0.0000 0.0000 0.0000 0.0000 0.0000 0.0000 0.0000 0.0000 0.0000
0.0000 0.0000 0.0000 0.0000 0.0000 0.0000 0.0000 0.0000 0.0000 0.0000 0.0000 0.0000 0.0000 0.0000 0.0000 0.0000 0.3573 0.6221 0.6755 0.6939 0.6682 0.7325 0.7333 0.6934 0.6559 0.6834 0.7051 0.7256 0.7287 0.7111 0.7107 0.6903 0.6844 0.6344 0.6642 0.7051 0.7107 0.7200 0.7572 0.7532 0.7512 0.7720 0.8107 0.7553 0.7750 0.7783 0.7385 0.7445 0.7673 0.7239 0.7116 0.6584 0.6660 0.6388 0.5573 0.0000 0.0000 0.0000 0.0000 0.0000 0.0000 0.0000 0.0000 0.0000 0.0000 0.0000 0.0000 0.0000 0.0000 0.0000 0.0000
0.0000 0.0000 0.0000 0.0000 0.0000 0.0000 0.0000 0.4030 0.4979 0.4825 0.3597 0.0000 0.0000 0.0000 0.0000 0.0000 0.5084 0.6273 0.6722 0.6880 0.6834 0.6764 0.7131 0.7497 0.7172 0.6894 0.7012 0.7171 0.7215 0.7285 0.7335 0.7136 0.6963 0.0000 0.6772 0.7238 0.7469 0.7632 0.7629 0.7507 0.7391 0.7498 0.7804 0.7899 0.7788 0.7997 0.7425 0.7580 0.7983 0.7429 0.6922 0.6752 0.6627 0.6397 0.5848 0.0000 0.0000 0.0000 0.0000 0.0000 0.0000 0.0000 0.0000 0.0000 0.0000 0.0000 0.0000 0.0000 0.0000 0.0000 0.0000
0.0000 0.0000 0.0000 0.0000 0.0000 0.0000 0.0000 0.5310 0.6272 0.6493 0.5693 0.5286 0.0000 0.0000 0.0000 0.0000 0.0000 0.6198 0.6960 0.6947 0.6994 0.6575 0.6568 0.7336 0.7257 0.6841 0.7086 0.7096 0.7117 0.7292 0.7318 0.7129 0.7152 0.6908 0.6950 0.7335 0.7387 0.7539 0.7493 0.7300 0.7362 0.7515 0.7192 0.7326 0.7506 0.7768 0.7402 0.7394 0.7656 0.7499 0.7031 0.6852 0.6603 0.6701 0.6248 0.5491 0.0000 0.0000 0.0000 0.0000 0.0000 0.0000 0.0000 0.0000 0.0000 0.0000 0.0000 0.0000 0.0000 0.0000 0.0000
0.0000 0.0000 0.0000 0.0000 0.0000 0.0000 0.2409 0.5627 0.6478 0.6904 0.6854 0.6067 0.5762 0.0000 0.0000 0.6337 0.5848 0.6477 0.7409 0.7534 0.7131 0.6606 0.6837 0.7444 0.7500 0.7045 0.7185 0.7039 0.6992 0.7251 0.7341 0.7183 0.7057 0.6945 0.7010 0.7394 0.7578 0.7392 0.7312 0.6906 0.7284 0.7489 0.7381 0.7061 0.7452 0.7659 0.7681 0.7393 0.7050 0.7092 0.6982 0.6934 0.6371 0.6604 0.6681 0.6054 0.0000 0.0000 0.0000 0.0000 0.0000 0.0000 0.0000 0.0000 0.0000 0.0000 0.0000 0.0000 0.0000 0.0000 0.0000
0.0000 0.0000 0.0000 0.0000 0.0000 0.0000 0.0000 0.5174 0.6669 0.6870 0.7016 0.6825 0.5468 0.2885 0.5184 0.5811 0.7268 0.7546 0.7733 0.8073 0.7907 0.6971 0.6894 0.7309 0.7551 0.7564 0.7566 0.7220 0.6991 0.7202 0.7371 0.7372 0.7180 0.7220 0.7185 0.7303 0.7457 0.7239 0.7102 0.7109 0.7242 0.7643 0.7709 0.7195 0.7592 0.7517 0.7878 0.7256 0.6801 0.7217 0.7098 0.6620 0.6714 0.6784 0.6787 0.6440 0.6404 0.0000 0.0000 0.0000 0.0000 0.0000 0.0000 0.0000 0.0000 0.0000 0.0000 0.0000 0.0000 0.0000 0.0000
0.0000 0.0000 0.0000 0.0000 0.0000 0.0000 0.0000 0.5418 0.6767 0.7004 0.7169 0.7096 0.6809 0.6161 0.6561 0.6914 0.7445 0.7628 0.7633 0.7885 0.7886 0.7114 0.6954 0.7031 0.7199 0.7334 0.7694 0.7605 0.7120 0.7279 0.7366 0.7253 0.7147 0.7120 0.7243 0.7015 0.7167 0.7140 0.7104 0.7105 0.7088 0.7453 0.7705 0.7673 0.7752 0.7604 0.7835 0.7225 0.6857 0.6968 0.7242 0.6718 0.6786 0.6944 0.6750 0.6210 0.5278 0.0000 0.0000 0.0000 0.0000 0.0000 0.0000 0.0000 0.0000 0.0000 0.0000 0.0000 0.0000 0.0000 0.0000
0.0000 0.0000 0.0000 0.0000 0.0000 0.4593 0.5166 0.5978 0.6787 0.7121 0.7153 0.7249 0.7046 0.7013 0.7055 0.6920 0.7338 0.7767 0.7887 0.7752 0.7613 0.7427 0.7061 0.6862 0.7027 0.7360 0.7456 0.7664 0.7648 0.7216 0.7100 0.7271 0.7185 0.7119 0.7217 0.6845 0.6604 0.6556 0.6505 0.7091 0.7042 0.7286 0.7612 0.7823 0.7811 0.7527 0.7479 0.7483 0.6887 0.6763 0.7053 0.7159 0.7029 0.6807 0.6617 0.6724 0.6382 0.0000 0.0000 0.0000 0.0000 0.0000 0.0000 0.0000 0.0000 0.0000 0.0000 0.0000 0.0000 0.0000 0.0000
0.0000 0.0000 0.0000 0.0000 0.3998 0.6032 0.6851 0.6983 0.7117 0.7298 0.7099 0.7086 0.7087 0.7004 0.7033 0.7155 0.7365 0.7663 0.7699 0.7680 0.7896 0.7571 0.7003 0.7134 0.7336 0.7285 0.7322 0.7520 0.7806 0.7376 0.7270 0.7207 0.7162 0.7064 0.7088 0.6795 0.6684 0.6278 0.6494 0.6833 0.6993 0.7229 0.7546 0.7733 0.7744 0.7626 0.7447 0.7012 0.7041 0.7190 0.7262 0.7161 0.6452 0.6326 0.6705 0.6751 0.6526 0.5971 0.0000 0.0000 0.0000 0.0000 0.0000 0.0000 0.0000 0.0000 0.0000 0.0000 0.0000 0.0000 0.0000
0.0000 0.0000 0.0000 0.0000 0.5932 0.6684 0.7090 0.7215 0.7337 0.7310 0.7293 0.7065 0.7269 0.7030 0.6980 0.7371 0.7292 0.7255 0.7357 0.7552 0.8018 0.7856 0.7538 0.7640 0.7718 0.7657 0.7318 0.7332 0.7532 0.7647 0.7429 0.7084 0.7098 0.6944 0.6651 0.6456 0.6241 0.5537 0.0000 0.6358 0.7197 0.7404 0.7347 0.7711 0.7814 0.7542 0.7117 0.7155 0.7150 0.7352 0.7183 0.7121 0.6804 0.6499 0.6115 0.6901 0.6661 0.6000 0.0000 0.0000 0.0000 0.0000 0.0000 0.0000 0.0000 0.0000 0.0000 0.0000 0.0000 0.0000 0.0000
0.0000 0.0000 0.0000 0.0000 0.6013 0.6855 0.7155 0.7297 0.7403 0.7320 0.7262 0.7145 0.7142 0.7036 0.7167 0.7245 0.7220 0.7110 0.7392 0.7467 0.7469 0.7643 0.8017 0.7583 0.7556 0.7487 0.7478 0.7518 0.7305 0.7488 0.7916 0.7141 0.6850 0.6576 0.6489 0.6187 0.0000 0.0000 0.0000 0.6914 0.7182 0.7386 0.7349 0.7331 0.7683 0.7602 0.7137 0.6997 0.7207 0.7149 0.7322 0.7188 0.7250 0.6958 0.6689 0.6685 0.6724 0.6547 0.5956 0.3631 0.0000 0.0000 0.0000 0.0000 0.0000 0.0000 0.0000 0.0000 0.0000 0.0000 0.0000
0.5450 0.4023 0.0000 0.4281 0.5768 0.6778 0.7145 0.7183 0.7317 0.7146 0.7071 0.7020 0.7048 0.6887 0.7140 0.7075 0.7335 0.7171 0.7362 0.7441 0.7325 0.7277 0.7886 0.7633 0.7541 0.7488 0.7437 0.7351 0.7358 0.7211 0.7670 0.7670 0.7410 0.6908 0.6595 0.6338 0.6095 0.6361 0.5946 0.7049 0.7204 0.7300 0.7015 0.6843 0.7184 0.7538 0.7523 0.6940 0.7192 0.6370 0.7136 0.7033 0.7432 0.7038 0.7460 0.7282 0.7048 0.6928 0.6314 0.3998 0.0000 0.0000 0.0000 0.0000 0.0000 0.0000 0.0000 0.0000 0.0000 0.0000 0.0000
0.5387 0.6027 0.5603 0.6108 0.6684 0.7194 0.7268 0.7067 0.7136 0.7049 0.7118 0.6771 0.6900 0.6916 0.7078 0.7093 0.7327 0.7312 0.7260 0.7552 0.7476 0.7449 0.7248 0.7491 0.7282 0.7291 0.7281 0.7287 0.7417 0.7171 0.7046 0.7320 0.7496 0.7156 0.6856 0.6530 0.6891 0.6937 0.6892 0.7014 0.7295 0.7311 0.7216 0.7041 0.6866 0.7457 0.7346 0.7036 0.7118 0.6936 0.7557 0.7379 0.7581 0.7370 0.7291 0.7247 0.7079 0.7211 0.6694 0.6135 0.0000 0.0000 0.0000 0.0000 0.0000 0.0000 0.0000 0.0000 0.0000 0.0000 0.0000
0.5230 0.6283 0.6747 0.6977 0.7159 0.7275 0.7253 0.7257 0.7223 0.6997 0.7141 0.7108 0.7034 0.7091 0.7237 0.7413 0.7337 0.7286 0.7332 0.7242 0.7167 0.7311 0.7376 0.7186 0.6945 0.6696 0.6663 0.7172 0.7389 0.6866 0.6837 0.7488 0.7201 0.7139 0.7378 0.7030 0.7083 0.7666 0.7481 0.7171 0.7247 0.7464 0.7490 0.7219 0.7353 0.7410 0.7239 0.7018 0.6885 0.7102 0.7302 0.7525 0.7646 0.7291 0.7271 0.7196 0.7179 0.7215 0.6920 0.6786 0.0000 0.0000 0.0000 0.0000 0.0000 0.0000 0.0000 0.0000 0.0000 0.0000 0.0000
0.0000 0.6581 0.5322 0.6782 0.7176 0.7457 0.7384 0.7322 0.6912 0.6675 0.6974 0.7067 0.7254 0.7186 0.7149 0.7347 0.7259 0.7121 0.7344 0.7132 0.7336 0.7055 0.7016 0.7182 0.6254 0.6660 0.6702 0.6981 0.7237 0.7236 0.6867 0.7054 0.6782 0.6840 0.7284 0.7478 0.7497 0.7527 0.7648 0.7513 0.7302 0.6998 0.7011 0.6806 0.5494 0.7185 0.7156 0.6990 0.7123 0.6926 0.7214 0.7703 0.7641 0.6845 0.7270 0.7263 0.7091 0.7308 0.7300 0.6772 0.6231 0.0000 0.0000 0.0000 0.0000 0.0000 0.0000 0.0000 0.0000 0.0000 0.0000
0.0000 0.0000 0.0000 0.6040 0.7127 0.7243 0.7414 0.7322 0.7065 0.7100 0.7165 0.7160 0.7129 0.7360 0.0000 0.6981 0.7271 0.7204 0.7080 0.7356 0.7315 0.7313 0.7368 0.7523 0.7478 0.7524 0.7343 0.7585 0.7351 0.7447 0.6916 0.7092 0.7122 0.7040 0.7176 0.7144 0.7243 0.7768 0.7739 0.7362 0.6970 0.7037 0.6889 0.6351 0.6308 0.6610 0.7201 0.7269 0.7077 0.6977 0.7444 0.7766 0.7687 0.7358 0.7032 0.7085 0.7181 0.7183 0.7238 0.6875 0.6620 0.0000 0.0000 0.0000 0.0000 0.0000 0.0000 0.0000 0.0000 0.0000 0.0000
0.0000 0.0000 0.0000 0.6114 0.6833 0.7127 0.7273 0.7371 0.7113 0.7246 0.7175 0.7263 0.0000 0.0000 0.7360 0.6855 0.7179 0.7011 0.7093 0.7034 0.7376 0.7496 0.7534 0.7245 0.7155 0.7032 0.7044 0.7032 0.7192 0.7185 0.6806 0.6873 0.7153 0.6964 0.6774 0.6950 0.6755 0.7441 0.7191 0.7016 0.6885 0.7145 0.6853 0.6728 0.6824 0.6671 0.7322 0.7260 0.6882 0.6912 0.7188 0.7559 0.7761 0.6804 0.7402 0.7365 0.7215 0.7119 0.7225 0.6911 0.6729 0.2728 0.0000 0.0000 0.0000 0.0000 0.0000 0.0000 0.0000 0.0000 0.0000
0.0000 0.0000 0.0000 0.3642 0.5879 0.5819 0.6812 0.7068 0.6884 0.6984 0.6679 0.7121 0.7083 0.0000 0.7146 0.7248 0.7101 0.7181 0.7287 0.6919 0.7089 0.7089 0.7418 0.7334 0.6990 0.7087 0.6646 0.6543 0.6844 0.7020 0.6760 0.6876 0.7020 0.6978 0.7140 0.7233 0.6897 0.7352 0.7714 0.6268 0.6589 0.6884 0.6658 0.7197 0.7104 0.7342 0.7500 0.7604 0.7433 0.6993 0.7074 0.7475 0.7516 0.7168 0.7672 0.7761 0.7615 0.7561 0.7630 0.7513 0.7044 0.5393 0.4149 0.0000 0.0000 0.0000 0.0000 0.0000 0.0000 0.0000 0.0000
0.0000 0.0000 0.0000 0.0000 0.0000 0.0000 0.5498 0.6471 0.6100 0.5421 0.6286 0.6964 0.6825 0.6203 0.6704 0.6990 0.7321 0.7266 0.7321 0.7294 0.6990 0.7079 0.7512 0.7648 0.7014 0.7119 0.6993 0.6881 0.7045 0.7027 0.7021 0.6983 0.6926 0.6945 0.7153 0.7078 0.7155 0.7333 0.8139 0.7473 0.7093 0.7334 0.7269 0.7743 0.7475 0.7350 0.7496 0.7648 0.7736 0.7516 0.7087 0.7684 0.7881 0.7460 0.7718 0.7676 0.7342 0.7406 0.7627 0.7586 0.7295 0.7092 0.6831 0.6588 0.4541 0.4469 0.0000 0.0000 0.0000 0.0000 0.0000
0.0000 0.0000 0.0000 0.0000 0.0000 0.0000 0.3006 0.4942 0.5195 0.0000 0.6596 0.7105 0.6677 0.6601 0.6685 0.6856 0.7337 0.7256 0.7257 0.7391 0.6775 0.6992 0.7877 0.7693 0.7230 0.7205 0.7072 0.7019 0.7148 0.7203 0.7034 0.6761 0.7269 0.6880 0.6884 0.7099 0.7084 0.7213 0.7694 0.7685 0.7800 0.7328 0.7401 0.7766 0.7745 0.7369 0.7026 0.7654 0.7411 0.7486 0.7718 0.8001 0.7997 0.7423 0.7697 0.7624 0.7498 0.7467 0.7587 0.7714 0.7605 0.7460 0.7300 0.7221 0.6900 0.4894 0.0000 0.0000 0.0000 0.0000 0.0000
0.0000 0.0000 0.0000 0.0000 0.0000 0.0000 0.0000 0.0000 0.0000 0.0000 0.6025 0.7314 0.6711 0.6538 0.6929 0.6778 0.6946 0.6994 0.7293 0.7334 0.6824 0.7316 0.7875 0.7701 0.7180 0.7124 0.7092 0.7050 0.7060 0.6843 0.7029 0.7366 0.7218 0.6973 0.6535 0.6901 0.7095 0.7003 0.7846 0.8019 0.7850 0.7817 0.7782 0.7541 0.7698 0.7590 0.7205 0.7201 0.7251 0.7006 0.7708 0.7955 0.8101 0.8005 0.7849 0.7748 0.7562 0.7538 0.7541 0.8054 0.8047 0.7994 0.7816 0.7572 0.7145 0.6269 0.0000 0.0000 0.0000 0.0000 0.0000
0.0000 0.0000 0.0000 0.0000 0.0000 0.0000 0.0000 0.0000 0.0000 0.0000 0.5930 0.7031 0.7111 0.6991 0.6841 0.6892 0.6941 0.7003 0.7370 0.7207 0.6831 0.7384 0.7960 0.7502 0.7142 0.7234 0.7268 0.7256 0.7311 0.7089 0.6956 0.7055 0.7201 0.7112 0.6973 0.6879 0.7293 0.7547 0.7780 0.7231 0.7488 0.7337 0.7356 0.7132 0.7206 0.6994 0.7116 0.7071 0.7239 0.7181 0.7456 0.7409 0.8057 0.8210 0.8214 0.7924 0.7775 0.7804 0.7461 0.7735 0.7716 0.7759 0.8031 0.7878 0.7786 0.6449 0.3646 0.0000 0.0000 0.0000 0.0000
0.0000 0.0000 0.0000 0.0000 0.0000 0.0000 0.0000 0.0000 0.0000 0.0000 0.4721 0.6614 0.7147 0.7148 0.7108 0.7076 0.6848 0.7378 0.7322 0.7324 0.6914 0.7206 0.7770 0.7270 0.7019 0.6983 0.7143 0.7396 0.7395 0.7210 0.6922 0.7169 0.7365 0.7541 0.7035 0.7269 0.7550 0.7339 0.7507 0.6290 0.6758 0.7577 0.7361 0.7071 0.7232 0.7655 0.7928 0.7691 0.7305 0.7468 0.7202 0.7522 0.7910 0.7689 0.7458 0.7353 0.7501 0.7421 0.7405 0.7333 0.7335 0.7282 0.7525 0.7926 0.7667 0.7091 0.6074 0.5819 0.4943 0.2390 0.0000
0.0000 0.0000 0.0000 0.0000 0.0000 0.0000 0.0000 0.0000 0.0000 0.0000 0.5029 0.6781 0.7159 0.7098 0.6890 0.6963 0.6802 0.7255 0.7375 0.7448 0.7459 0.8002 0.8002 0.7544 0.7304 0.7385 0.7215 0.7355 0.7381 0.7211 0.7150 0.7263 0.7465 0.7305 0.7310 0.7583 0.7772 0.7757 0.7235 0.6779 0.7348 0.7538 0.7716 0.7418 0.7283 0.7748 0.7581 0.7522 0.7855 0.7784 0.7687 0.7216 0.7358 0.7144 0.6764 0.6951 0.7453 0.7517 0.7549 0.7335 0.6839 0.7129 0.7547 0.7609 0.7213 0.7062 0.7101 0.6926 0.6519 0.5761 0.0000
0.0000 0.0000 0.0000 0.0000 0.0000 0.0000 0.0000 0.0000 0.0000 0.0000 0.6227 0.7347 0.7386 0.7123 0.6861 0.6974 0.6743 0.7014 0.7189 0.7281 0.7778 0.8642 0.8386 0.7259 0.7462 0.7037 0.7078 0.7374 0.7177 0.7174 0.7108 0.7616 0.7885 0.7797 0.7851 0.7908 0.7572 0.7245 0.7426 0.7401 0.7693 0.7779 0.7803 0.7514 0.7393 0.7853 0.7562 0.7372 0.7352 0.7577 0.7648 0.7611 0.7487 0.7462 0.7394 0.7384 0.7621 0.7711 0.7495 0.7109 0.6728 0.7390 0.7477 0.7294 0.6979 0.6919 0.7133 0.7100 0.7049 0.6695 0.6181
0.0000 0.0000 0.0000 0.0000 0.0000 0.0000 0.0000 0.4599 0.5416 0.5143 0.6385 0.7166 0.7426 0.7569 0.7493 0.7321 0.7021 0.6966 0.6940 0.7200 0.7552 0.8092 0.7890 0.7172 0.6965 0.7329 0.7347 0.7327 0.7330 0.7260 0.7522 0.8170 0.7839 0.8148 0.8014 0.7793 0.7377 0.6871 0.7336 0.7665 0.7751 0.7874 0.7633 0.7366 0.7375 0.7465 0.7528 0.7507 0.7254 0.7187 0.7048 0.0000 0.7420 0.7498 0.7323 0.7391 0.7604 0.7735 0.7441 0.7125 0.6987 0.7283 0.7030 0.0000 0.0000 0.0000 0.7068 0.7178 0.7131 0.6846 0.6524
