data01/Biomass.asc
NCOLS 73
NROWS 78
XLLCORNER 114.8409628900
YLLCORNER 27.1302345400
CELLSIZE 0.100000
NODATA_VALUE -99999.0000
[rows 28 to 55 of 78, columns 0 to 62 of 73]
-99999.0000 -99999.0000 -99999.0000 -99999.0000 -99999.0000 -99999.0000 -99999.0000 -99999.0000 -99999.0000 -99999.0000 0.4000 0.6625 0.8000 0.8000 0.8000 0.8000 0.8109 0.8984 0.8953 0.8483 0.8000 0.8000 0.7817 0.7031 0.6963 0.7073 0.7763 0.8000 0.8000 0.8000 0.8148 0.8983 0.8203 0.7984 0.7188 0.7000 0.7000 0.6558 0.5273 0.4000 0.4143 0.5696 0.6788 0.7000 0.6879 0.6459 0.6051 0.6000 0.5984 0.5792 0.5097 0.5660 0.6186 0.6508 0.6273 0.5811 0.6000 0.6000 0.5871 0.5727 0.5568 0.5793 0.6310
-99999.0000 -99999.0000 -99999.0000 -99999.0000 -99999.0000 -99999.0000 -99999.0000 -99999.0000 -99999.0000 -99999.0000 0.4437 0.6641 0.8000 0.8000 0.8000 0.8000 0.8047 0.8687 0.8984 0.8844 0.8000 0.8000 0.7217 0.6294 0.5952 0.6288 0.7075 0.7953 0.8000 0.8000 0.8086 0.8609 0.8000 0.7877 0.7000 0.7000 0.7000 0.6163 0.5067 0.4000 0.4700 0.5850 0.6948 0.7000 0.7000 0.7000 0.6898 0.6937 0.6844 0.6093 0.5571 0.5074 0.5282 0.5163 0.5000 0.4385 0.4000 0.4000 0.4690 0.4000 0.4000 0.4565 0.5521
-99999.0000 -99999.0000 -99999.0000 -99999.0000 -99999.0000 -99999.0000 -99999.0000 -99999.0000 -99999.0000 -99999.0000 0.5500 0.6897 0.8000 0.8000 0.8000 0.8000 0.8000 0.8000 0.8113 0.8081 0.8000 0.7919 0.6750 0.5800 0.5000 0.5828 0.6792 0.7844 0.8000 0.8000 0.8000 0.8000 0.8000 0.7885 0.7000 0.6891 0.6622 0.6032 0.5475 0.5125 0.5473 0.6242 0.7000 0.7093 0.7516 0.7000 0.6842 0.6355 0.6310 0.5933 0.5163 0.4391 0.4000 0.4000 0.4000 0.4000 0.4000 0.4424 0.4907 0.4500 0.4000 0.4021 0.4577
-99999.0000 -99999.0000 -99999.0000 -99999.0000 -99999.0000 -99999.0000 -99999.0000 0.3000 0.4423 0.4313 0.6143 0.7583 0.8000 0.8000 0.8000 0.8000 0.8000 0.8000 0.8000 0.8000 0.8000 0.7953 0.6937 0.5717 0.4553 0.5036 0.6323 0.7219 0.7345 0.7586 0.7922 0.8000 0.8000 0.7867 0.7000 0.6250 0.6000 0.6000 0.6283 0.6266 0.6000 0.6593 0.7000 0.7733 0.7867 0.7000 0.6286 0.5944 0.5433 0.5130 0.4167 -99999.0000 0.3100 0.3953 0.4000 0.4290 0.4704 0.5022 0.5164 0.4965 0.4429 0.4000 0.4133
-99999.0000 -99999.0000 -99999.0000 -99999.0000 -99999.0000 -99999.0000 0.4667 0.5509 0.6687 0.7193 0.7588 0.7984 0.8000 0.8000 0.8000 0.8000 0.8000 0.8000 0.8000 0.8000 0.8000 0.8000 0.7639 0.6382 0.5323 0.4917 0.5298 0.5789 0.6200 0.6517 0.7294 0.7984 0.8000 0.7867 0.6918 0.5962 0.5889 0.6000 0.6766 0.6516 0.6000 0.6232 0.6978 0.7900 0.7767 0.6807 0.5548 0.4783 0.4367 0.4116 0.4000 0.4000 0.4000 0.4000 0.4000 0.4884 0.5000 0.5019 0.5185 0.5000 0.5000 0.4730 0.4447
-99999.0000 -99999.0000 -99999.0000 -99999.0000 -99999.0000 0.3571 0.5508 0.7531 0.8317 0.8341 0.8373 0.8137 0.8000 0.8000 0.8000 0.8000 0.8000 0.8000 0.8000 0.8000 0.8000 0.8000 0.8000 0.7359 0.6277 0.5714 0.4524 0.4333 -99999.0000 0.6091 0.6951 0.7933 0.8000 0.7766 0.6600 0.5974 0.5971 0.6000 0.5962 0.5258 0.5107 0.5902 0.6667 0.7328 0.7213 0.6352 0.5636 0.4111 0.4000 0.4000 0.4037 0.4295 0.4147 0.4000 0.4000 0.4600 0.4938 0.4976 0.4808 0.4000 0.4613 0.4961 0.4833
-99999.0000 -99999.0000 -99999.0000 -99999.0000 -99999.0000 0.4079 0.6734 0.8500 0.9000 0.9000 0.9000 0.8962 0.8153 0.8000 0.8000 0.8016 0.8500 0.8850 0.8094 0.8000 0.8000 0.8000 0.8000 0.7983 0.7333 0.6309 0.6000 0.6000 0.5711 0.6619 0.7268 0.7983 0.8000 0.7306 0.6472 0.6000 0.6000 0.5922 0.4686 0.3923 0.4000 0.5286 0.6344 0.7000 0.6981 0.6048 0.5571 0.5200 0.4889 0.5000 0.4957 0.4804 0.4068 0.3375 0.3211 0.4000 0.4512 0.4350 0.4000 0.3000 0.4000 0.4310 0.4969
-99999.0000 -99999.0000 -99999.0000 -99999.0000 -99999.0000 0.4514 0.6460 0.8125 0.8887 0.9000 0.9000 0.9000 0.8797 0.8172 0.8000 0.8258 0.9000 0.8875 0.8000 0.8000 0.8175 0.8825 0.8203 0.8000 0.7984 0.7375 0.6698 0.6407 0.6683 0.7000 0.7242 0.7375 0.7246 0.6857 0.6021 0.6000 0.6000 0.5656 0.4236 0.3000 0.4000 0.4913 0.6109 0.6978 0.6919 0.6571 0.6870 0.6627 0.6500 0.5619 0.4816 0.4048 0.3500 0.3000 0.3000 0.3750 0.4000 0.4000 0.3714 0.3440 0.4000 0.4000 0.4000
-99999.0000 -99999.0000 -99999.0000 -99999.0000 -99999.0000 -99999.0000 0.5263 0.6561 0.7591 0.8389 0.8706 0.8922 0.9000 0.8943 0.8556 0.8918 0.9000 0.8922 0.8100 0.8000 0.8548 0.9000 0.8625 0.8000 0.8000 0.7984 0.7297 0.7000 0.7000 0.6905 0.6489 0.6776 0.7000 0.6900 0.6000 0.6000 0.6000 0.5714 0.4353 0.4000 0.4143 0.5154 0.6048 0.6912 0.7000 0.7250 0.7636 0.7611 0.7365 0.6622 0.4960 -99999.0000 -99999.0000 -99999.0000 0.3000 0.3829 0.4000 0.4000 0.3000 0.3704 0.4000 0.4294 0.4767
-99999.0000 -99999.0000 -99999.0000 -99999.0000 -99999.0000 -99999.0000 0.4333 0.4680 -99999.0000 0.5500 0.7000 0.7797 0.8492 0.8984 0.9000 0.9000 0.9000 0.9000 0.8828 0.8656 0.8984 0.8984 0.8500 0.8000 0.8000 0.8000 0.7734 0.7016 0.6828 0.6109 0.6000 0.6091 0.7000 0.7000 0.6571 0.6241 0.6387 0.6045 0.5403 0.4690 0.4745 0.5033 0.6255 0.7019 0.7586 0.7984 0.8000 0.8000 0.7942 0.6905 0.5488 -99999.0000 -99999.0000 -99999.0000 0.2429 0.3857 0.4000 0.3688 0.3000 0.3400 0.4000 0.4760 0.5000
-99999.0000 -99999.0000 -99999.0000 -99999.0000 -99999.0000 -99999.0000 -99999.0000 -99999.0000 -99999.0000 0.5000 0.5053 0.6220 0.7797 0.8562 0.9000 0.9000 0.9000 0.9000 0.9000 0.9000 0.8667 0.8200 0.8000 0.8000 0.8000 0.8000 0.8000 0.7286 0.6463 0.5250 0.5870 0.6400 0.7121 0.7714 0.7579 0.7190 0.7097 0.7088 0.6741 0.6169 0.6045 0.6125 0.6672 0.7381 0.8000 0.8000 0.8000 0.8000 0.8000 0.7375 0.5964 0.5000 -99999.0000 0.2000 0.2176 0.3188 0.3833 0.3000 0.3000 0.3733 0.4000 0.5000 0.5471
-99999.0000 -99999.0000 -99999.0000 -99999.0000 -99999.0000 -99999.0000 -99999.0000 -99999.0000 -99999.0000 -99999.0000 -99999.0000 0.4167 0.6967 0.8156 0.9000 0.9000 0.9000 0.9000 0.8984 0.8439 0.8000 0.7780 0.7727 0.7937 0.8000 0.8000 0.8000 0.7379 0.6727 0.5909 0.6222 0.7125 0.7914 0.8000 0.8000 0.8000 0.8000 0.7984 0.7736 0.7245 0.7016 0.7089 0.7452 0.7977 0.8000 0.8000 0.8000 0.8000 0.8000 0.7656 0.6700 0.5059 0.4208 0.4000 0.4000 0.4000 0.3957 0.3750 0.3500 0.3909 0.4432 0.5306 0.5977
-99999.0000 -99999.0000 -99999.0000 -99999.0000 -99999.0000 -99999.0000 -99999.0000 -99999.0000 -99999.0000 -99999.0000 0.3742 0.6344 0.7828 0.8017 0.8648 0.9000 0.9000 0.9000 0.8469 0.8000 0.7730 0.7022 0.7000 0.7125 0.7509 0.7690 0.7492 0.6964 0.6121 0.6135 0.6885 0.7891 0.8359 0.8812 0.8596 0.8140 0.8438 0.8625 0.8459 0.8091 0.8000 0.8000 0.8054 0.8464 0.8281 0.8022 0.8000 0.8000 0.8000 0.7953 0.7065 0.6148 0.4750 0.4021 0.4083 0.4435 0.5000 0.4727 0.4513 0.4444 0.4979 0.5848 0.6155
-99999.0000 -99999.0000 -99999.0000 -99999.0000 -99999.0000 -99999.0000 -99999.0000 -99999.0000 -99999.0000 0.1909 0.5864 0.7625 0.8438 0.8297 0.8016 0.8581 0.8875 0.8625 0.8047 0.8000 0.7375 0.7000 0.6600 0.6722 0.6949 0.7000 0.7000 0.6933 0.6545 0.6923 0.7441 0.8109 0.8984 0.9000 0.9000 0.9000 0.9000 0.9000 0.9000 0.8953 0.8266 0.8000 0.8594 0.9000 0.9000 0.8754 0.8000 0.8000 0.8000 0.8000 0.7688 0.6594 0.5373 0.4295 0.4847 0.5317 0.5844 0.5679 0.5185 0.5630 0.5857 0.6000 0.6047
-99999.0000 -99999.0000 -99999.0000 -99999.0000 -99999.0000 -99999.0000 -99999.0000 -99999.0000 -99999.0000 0.4105 0.6250 0.7984 0.8687 0.8172 0.8000 0.8000 0.8000 0.8000 0.8000 0.8000 0.7356 0.6918 0.6041 0.6000 0.6606 0.7000 0.7000 0.7137 0.7226 0.7521 0.8000 0.8016 0.8850 0.9000 0.9000 0.9000 0.9000 0.9000 0.9000 0.9000 0.8400 0.8000 0.8625 0.9000 0.9000 0.8953 0.8083 0.8000 0.8000 0.8000 0.7950 0.6617 0.5212 0.4000 0.4733 0.5475 0.6000 0.6000 0.6000 0.6000 0.6000 0.5735 0.5327
-99999.0000 -99999.0000 -99999.0000 -99999.0000 -99999.0000 -99999.0000 -99999.0000 -99999.0000 -99999.0000 0.4333 0.5915 0.7547 0.8000 0.8000 0.8000 0.8000 0.8000 0.8000 0.8000 0.8000 0.7161 0.6615 0.6000 0.6000 0.6765 0.7306 0.7862 0.8063 0.8219 0.8131 0.8018 0.8000 0.8217 0.8922 0.9000 0.9000 0.9000 0.9000 0.9000 0.9000 0.8500 0.8000 0.8531 0.9000 0.9000 0.9000 0.8408 0.8016 0.8000 0.8000 0.7965 0.6585 0.4923 0.4000 0.4071 0.4896 0.5547 0.6000 0.6000 0.6000 0.5898 0.4912 0.4250
-99999.0000 -99999.0000 -99999.0000 -99999.0000 -99999.0000 -99999.0000 -99999.0000 -99999.0000 -99999.0000 -99999.0000 0.5538 0.7063 0.8000 0.8000 0.8000 0.8000 0.8000 0.8000 0.8000 0.7790 0.7023 0.6179 0.6000 0.6625 0.7375 0.8186 0.8649 0.8925 0.9000 0.9000 0.8200 0.8000 0.8000 0.8464 0.9000 0.9000 0.9000 0.9000 0.9000 0.9000 0.8690 0.8000 0.8406 0.9000 0.9000 0.9000 0.9000 0.8797 0.8242 0.8000 0.7780 0.6581 0.4731 0.4000 0.4000 0.4255 0.5000 0.5424 0.5927 0.5887 0.5128 0.4000 -99999.0000
-99999.0000 -99999.0000 -99999.0000 -99999.0000 -99999.0000 -99999.0000 -99999.0000 -99999.0000 -99999.0000 -99999.0000 0.4567 0.6367 0.7891 0.8000 0.8000 0.8000 0.7891 0.7767 0.7625 0.7190 0.7000 0.6333 0.7091 0.7957 0.8194 0.8922 0.9000 0.9000 0.9000 0.9000 0.8226 0.8000 0.8000 0.8414 0.9000 0.9000 0.8984 0.8500 0.8797 0.9000 0.8984 0.8594 0.8859 0.9000 0.9000 0.9000 0.9000 0.8891 0.8078 0.7984 0.7259 0.6360 0.4976 0.3784 0.3171 0.3926 0.4206 0.4769 0.5161 0.4793 0.4273 0.4000 0.2000
-99999.0000 -99999.0000 -99999.0000 -99999.0000 -99999.0000 -99999.0000 -99999.0000 -99999.0000 -99999.0000 -99999.0000 0.4333 0.5564 0.7083 0.7984 0.7864 0.7236 0.6905 0.7000 0.7000 0.7000 0.7000 0.7227 0.7811 0.8210 0.8922 0.9000 0.9000 0.9000 0.9000 0.9000 0.8661 0.8017 0.8058 0.8732 0.9000 0.9000 0.8875 0.8000 0.8548 0.9000 0.9000 0.9000 0.9000 0.9000 0.9000 0.9000 0.9000 0.8625 0.8000 0.7709 0.7000 0.6356 0.5100 0.3000 0.3000 0.3455 0.4000 0.4074 0.4250 0.4071 0.4000 0.3636 0.3357
-99999.0000 -99999.0000 -99999.0000 -99999.0000 -99999.0000 -99999.0000 -99999.0000 -99999.0000 -99999.0000 -99999.0000 -99999.0000 0.5000 0.5878 0.6984 0.6702 0.5857 0.5929 0.5976 0.6375 0.6691 0.7069 0.7913 0.8047 0.8828 0.9000 0.9000 0.9000 0.9000 0.9000 0.9000 0.9000 0.8891 0.8922 0.9000 0.9000 0.9000 0.8891 0.8103 0.8952 0.9000 0.9000 0.9000 0.9000 0.9000 0.9000 0.9000 0.9000 0.8810 0.8020 0.7915 0.7048 0.6408 0.5065 0.3750 0.3250 0.3200 0.4000 0.4000 0.4211 0.4143 0.4280 0.4566 0.4308
-99999.0000 -99999.0000 -99999.0000 -99999.0000 -99999.0000 -99999.0000 -99999.0000 -99999.0000 -99999.0000 -99999.0000 -99999.0000 -99999.0000 0.4545 0.5619 0.5727 0.4828 0.4594 0.4829 0.5150 0.5765 0.6839 0.7941 0.8048 0.8469 0.8859 0.9000 0.9000 0.9000 0.9000 0.9000 0.9000 0.9000 0.9000 0.9000 0.9000 0.8984 0.8581 0.8604 0.9000 0.9000 0.9000 0.9000 0.9000 0.9000 0.8611 0.8435 0.9000 0.9000 0.8313 0.8000 0.7163 0.6703 0.5903 0.5227 0.5176 0.4975 0.4714 0.4526 0.5292 0.5617 0.6000 0.6143 0.5839
-99999.0000 -99999.0000 -99999.0000 -99999.0000 -99999.0000 -99999.0000 -99999.0000 -99999.0000 -99999.0000 -99999.0000 -99999.0000 -99999.0000 0.4000 0.4667 0.4154 0.3812 0.3158 0.3375 -99999.0000 0.5091 0.6468 0.7833 0.7828 0.7500 0.7672 0.8295 0.8875 0.9000 0.9000 0.9000 0.9000 0.9000 0.9000 0.8919 0.8531 0.8203 0.8000 0.8047 0.8922 0.9000 0.9000 0.9000 0.9000 0.9000 0.8984 0.8673 0.8468 0.8333 0.8016 0.8000 0.7292 0.7163 0.6844 0.6540 0.6232 0.6016 0.6000 0.6296 0.6484 0.6830 0.7098 0.7119 0.7000
-99999.0000 -99999.0000 -99999.0000 -99999.0000 -99999.0000 -99999.0000 -99999.0000 -99999.0000 -99999.0000 -99999.0000 -99999.0000 -99999.0000 0.2500 0.2920 0.3327 0.3233 0.3000 0.3000 -99999.0000 0.6000 0.5647 0.7283 0.6857 0.7000 0.5840 0.6814 0.7875 0.8797 0.9000 0.9000 0.9000 0.9000 0.8922 0.8081 0.8000 0.8000 0.8000 0.8000 0.8516 0.8922 0.9000 0.9000 0.9000 0.9000 0.9000 0.9000 0.8290 0.8000 0.8000 0.8000 0.8000 0.8000 0.7891 0.7078 0.7000 0.6967 0.7031 0.7233 0.7524 0.7684 0.7953 0.8000 0.7918
-99999.0000 -99999.0000 -99999.0000 -99999.0000 -99999.0000 -99999.0000 -99999.0000 -99999.0000 -99999.0000 -99999.0000 -99999.0000 -99999.0000 -99999.0000 0.3000 0.3000 -99999.0000 -99999.0000 -99999.0000 0.4231 0.5617 0.6891 0.6781 0.5524 -99999.0000 -99999.0000 0.5000 0.6476 0.7969 0.8781 0.8891 0.9000 0.9000 0.8933 0.8083 0.8000 0.8000 0.8000 0.8000 0.8000 0.8055 0.8344 0.8375 0.8566 0.8869 0.9000 0.9000 0.8286 0.8000 0.8000 0.8000 0.8047 0.8109 0.7953 0.7111 0.7000 0.7132 0.7922 0.8000 0.8000 0.8000 0.8000 0.8000 0.8000
-99999.0000 -99999.0000 -99999.0000 -99999.0000 -99999.0000 -99999.0000 -99999.0000 -99999.0000 -99999.0000 -99999.0000 -99999.0000 -99999.0000 -99999.0000 -99999.0000 -99999.0000 -99999.0000 -99999.0000 -99999.0000 0.3700 0.5484 0.6213 0.5722 0.4455 -99999.0000 -99999.0000 -99999.0000 0.5452 0.6792 0.8000 0.8038 0.7847 0.8000 0.8063 0.8000 0.8000 0.8048 0.8500 0.8234 0.8000 0.8000 0.7708 0.7522 0.7625 0.8034 0.8516 0.8516 0.8016 0.8000 0.8000 0.8234 0.8719 0.8172 0.7929 0.7000 0.7000 0.7500 0.8000 0.8000 0.8000 0.7817 0.7641 0.8000 0.8000
-99999.0000 -99999.0000 -99999.0000 -99999.0000 -99999.0000 -99999.0000 -99999.0000 -99999.0000 -99999.0000 -99999.0000 -99999.0000 -99999.0000 -99999.0000 -99999.0000 -99999.0000 -99999.0000 -99999.0000 -99999.0000 0.3524 0.4500 0.4846 -99999.0000 -99999.0000 -99999.0000 -99999.0000 -99999.0000 -99999.0000 -99999.0000 -99999.0000 -99999.0000 0.6556 0.6450 0.6825 0.7781 0.8266 0.8922 0.8984 0.8203 0.8000 0.7385 0.7000 0.6800 0.7000 0.7667 0.8000 0.8000 0.8000 0.8000 0.8317 0.8750 0.8047 0.8000 0.7946 0.7281 0.7548 0.7981 0.8000 0.8000 0.8000 0.7750 0.7189 0.8000 0.8000
-99999.0000 -99999.0000 -99999.0000 -99999.0000 -99999.0000 -99999.0000 -99999.0000 -99999.0000 -99999.0000 -99999.0000 -99999.0000 -99999.0000 -99999.0000 -99999.0000 -99999.0000 -99999.0000 -99999.0000 -99999.0000 -99999.0000 -99999.0000 -99999.0000 -99999.0000 -99999.0000 -99999.0000 -99999.0000 -99999.0000 -99999.0000 -99999.0000 -99999.0000 -99999.0000 -99999.0000 -99999.0000 0.5700 0.6742 0.8210 0.9000 0.8719 0.8000 0.8000 0.7450 0.7000 0.6958 0.7214 0.7854 0.8000 0.8000 0.8000 0.8047 0.8812 0.8232 0.8000 0.7557 0.7156 0.7422 0.8000 0.8000 0.8000 0.8000 0.8000 0.8000 0.7953 0.8000 0.8000
-99999.0000 -99999.0000 -99999.0000 -99999.0000 -99999.0000 -99999.0000 -99999.0000 -99999.0000 -99999.0000 -99999.0000 -99999.0000 -99999.0000 -99999.0000 -99999.0000 -99999.0000 -99999.0000 -99999.0000 -99999.0000 -99999.0000 -99999.0000 -99999.0000 -99999.0000 -99999.0000 -99999.0000 -99999.0000 -99999.0000 -99999.0000 -99999.0000 -99999.0000 -99999.0000 -99999.0000 -99999.0000 0.5000 0.6743 0.7982 0.9000 0.8667 0.8000 0.8000 0.7982 0.7875 0.7984 0.8032 0.8000 0.8000 0.8000 0.8000 0.8109 0.8266 0.7984 0.7397 0.6967 0.7000 0.7017 0.7609 0.8000 0.8000 0.8000 0.8000 0.8000 0.8016 0.8560 0.8871
