data01/Biomass.asc
NCOLS 73
NROWS 78
XLLCORNER 114.8409628900
YLLCORNER 27.1302345400
CELLSIZE 0.100000
NODATA_VALUE -99999.0000
[rows 0 to 27 of 78, columns 0 to 62 of 73]
-99999.0000 -99999.0000 -99999.0000 -99999.0000 -99999.0000 -99999.0000 -99999.0000 -99999.0000 -99999.0000 -99999.0000 -99999.0000 -99999.0000 -99999.0000 -99999.0000 -99999.0000 0.4091 0.4119 0.4966 0.5377 0.5614 0.4550 0.5000 -99999.0000 -99999.0000 -99999.0000 -99999.0000 -99999.0000 -99999.0000 -99999.0000 -99999.0000 -99999.0000 -99999.0000 -99999.0000 -99999.0000 -99999.0000 -99999.0000 -99999.0000 -99999.0000 -99999.0000 0.3545 0.5407 0.6404 0.5679 0.4294 -99999.0000 -99999.0000 -99999.0000 -99999.0000 -99999.0000 -99999.0000 -99999.0000 -99999.0000 -99999.0000 -99999.0000 -99999.0000 -99999.0000 -99999.0000 -99999.0000 -99999.0000 -99999.0000 -99999.0000 -99999.0000 -99999.0000
-99999.0000 -99999.0000 -99999.0000 -99999.0000 -99999.0000 -99999.0000 -99999.0000 -99999.0000 -99999.0000 -99999.0000 -99999.0000 -99999.0000 -99999.0000 -99999.0000 -99999.0000 0.4821 0.6172 0.7371 0.7600 0.7391 0.6442 0.4042 0.0000 -99999.0000 -99999.0000 -99999.0000 -99999.0000 -99999.0000 -99999.0000 -99999.0000 -99999.0000 -99999.0000 -99999.0000 -99999.0000 -99999.0000 -99999.0000 -99999.0000 -99999.0000 0.4250 0.5059 0.6566 0.6984 0.5922 0.4350 0.3200 0.0571 -99999.0000 -99999.0000 -99999.0000 -99999.0000 -99999.0000 -99999.0000 -99999.0000 -99999.0000 -99999.0000 -99999.0000 -99999.0000 -99999.0000 -99999.0000 -99999.0000 -99999.0000 -99999.0000 -99999.0000
-99999.0000 -99999.0000 -99999.0000 -99999.0000 -99999.0000 -99999.0000 -99999.0000 -99999.0000 -99999.0000 -99999.0000 -99999.0000 -99999.0000 -99999.0000 -99999.0000 -99999.0000 0.5614 0.7234 0.8000 0.8000 0.8000 0.7709 0.6034 0.2417 -99999.0000 -99999.0000 -99999.0000 -99999.0000 -99999.0000 -99999.0000 0.4000 0.4222 0.2762 0.1538 -99999.0000 -99999.0000 -99999.0000 0.2852 0.4580 0.5206 0.6491 0.7161 0.7078 0.6259 0.5171 0.4120 0.4269 0.1778 0.0000 -99999.0000 -99999.0000 -99999.0000 -99999.0000 -99999.0000 -99999.0000 -99999.0000 -99999.0000 -99999.0000 -99999.0000 -99999.0000 -99999.0000 -99999.0000 -99999.0000 -99999.0000
-99999.0000 -99999.0000 -99999.0000 -99999.0000 -99999.0000 -99999.0000 -99999.0000 -99999.0000 -99999.0000 -99999.0000 -99999.0000 -99999.0000 -99999.0000 0.3778 0.4405 0.6603 0.7883 0.8000 0.8000 0.8000 0.8000 0.7232 0.5196 0.5000 0.4000 0.2737 -99999.0000 -99999.0000 0.4000 0.4462 0.5949 0.5842 0.4488 0.4000 -99999.0000 0.4200 0.5034 0.6491 0.6942 0.7333 0.7950 0.7783 0.7040 0.6880 0.6463 0.5871 0.4375 0.3423 -99999.0000 -99999.0000 -99999.0000 -99999.0000 -99999.0000 -99999.0000 -99999.0000 -99999.0000 -99999.0000 -99999.0000 -99999.0000 -99999.0000 -99999.0000 -99999.0000 -99999.0000
-99999.0000 -99999.0000 -99999.0000 -99999.0000 -99999.0000 -99999.0000 -99999.0000 -99999.0000 -99999.0000 -99999.0000 -99999.0000 -99999.0000 -99999.0000 0.3614 0.5705 0.7400 0.8000 0.8000 0.8000 0.8000 0.8000 0.7548 0.6016 0.3333 0.4489 0.4617 0.4370 0.4933 0.5814 0.6683 0.7359 0.7244 0.5966 0.3500 -99999.0000 0.4056 0.6141 0.7321 0.7929 0.8000 0.8000 0.8000 0.7828 0.7406 0.7594 0.7286 0.6327 0.5343 0.3750 0.3600 0.3000 -99999.0000 -99999.0000 -99999.0000 -99999.0000 -99999.0000 -99999.0000 -99999.0000 -99999.0000 -99999.0000 -99999.0000 -99999.0000 -99999.0000
-99999.0000 -99999.0000 -99999.0000 -99999.0000 -99999.0000 -99999.0000 -99999.0000 -99999.0000 -99999.0000 -99999.0000 -99999.0000 -99999.0000 -99999.0000 0.3706 0.4868 0.5867 0.7141 0.7859 0.8000 0.8000 0.7953 0.7063 0.5975 0.4608 0.5091 0.5966 0.6642 0.6984 0.7609 0.7917 0.7930 0.7114 0.6762 0.4755 0.4581 0.5974 0.7100 0.7919 0.8000 0.8000 0.8000 0.8672 0.8359 0.8000 0.8000 0.8000 0.7703 0.6984 0.6102 0.5312 0.4950 0.5000 0.4000 -99999.0000 -99999.0000 -99999.0000 -99999.0000 -99999.0000 -99999.0000 -99999.0000 -99999.0000 -99999.0000 -99999.0000
-99999.0000 -99999.0000 -99999.0000 -99999.0000 -99999.0000 -99999.0000 -99999.0000 -99999.0000 -99999.0000 -99999.0000 -99999.0000 -99999.0000 -99999.0000 -99999.0000 0.4000 0.4467 0.5964 0.6746 0.7984 0.8000 0.7655 0.6839 0.5971 0.5000 0.5513 0.6474 0.7429 0.7983 0.8000 0.8000 0.7678 0.7000 0.7000 0.6209 0.6429 0.7148 0.7922 0.8000 0.8000 0.8000 0.8000 0.8548 0.8844 0.8000 0.8000 0.8000 0.8000 0.7981 0.7743 0.7397 0.6766 0.6316 0.5750 0.4711 0.2900 -99999.0000 -99999.0000 -99999.0000 -99999.0000 -99999.0000 -99999.0000 -99999.0000 -99999.0000
-99999.0000 -99999.0000 -99999.0000 -99999.0000 -99999.0000 -99999.0000 -99999.0000 -99999.0000 -99999.0000 -99999.0000 -99999.0000 -99999.0000 -99999.0000 -99999.0000 -99999.0000 -99999.0000 0.2800 0.5967 0.7781 0.7953 0.7173 0.6891 0.6298 0.5895 0.6000 0.6900 0.7789 0.8000 0.8000 0.8000 0.7922 0.7057 0.6600 0.6000 0.6377 0.7375 0.8016 0.8175 0.8000 0.8000 0.8000 0.8172 0.8796 0.8000 0.8000 0.8000 0.8000 0.8000 0.8000 0.8000 0.8000 0.7847 0.7484 0.6413 0.5172 -99999.0000 -99999.0000 -99999.0000 -99999.0000 -99999.0000 -99999.0000 -99999.0000 -99999.0000
-99999.0000 -99999.0000 -99999.0000 -99999.0000 -99999.0000 -99999.0000 -99999.0000 0.0000 0.3318 0.3063 0.0000 -99999.0000 -99999.0000 -99999.0000 -99999.0000 -99999.0000 0.4000 0.5490 0.7063 0.7203 0.7000 0.7000 0.7224 0.7047 0.7242 0.7794 0.8000 0.8000 0.8000 0.8000 0.8000 0.7281 0.6211 -99999.0000 0.5676 0.7117 0.8258 0.8984 0.8220 0.8000 0.8000 0.8000 0.8250 0.8000 0.8000 0.8020 0.8327 0.8837 0.8737 0.8017 0.8000 0.8000 0.8000 0.7609 0.6310 -99999.0000 -99999.0000 -99999.0000 -99999.0000 -99999.0000 -99999.0000 -99999.0000 -99999.0000
-99999.0000 -99999.0000 -99999.0000 -99999.0000 -99999.0000 -99999.0000 -99999.0000 0.3575 0.5250 0.5694 0.4396 0.4444 -99999.0000 -99999.0000 -99999.0000 -99999.0000 -99999.0000 0.5600 0.6379 0.7000 0.7000 0.7079 0.7965 0.8000 0.8000 0.8000 0.8000 0.8000 0.8000 0.8000 0.8000 0.7424 0.6400 0.5459 0.5478 0.7049 0.8233 0.9000 0.8703 0.8016 0.8000 0.8000 0.8000 0.8000 0.8000 0.8200 0.9000 0.9000 0.9000 0.8182 0.8000 0.8000 0.8000 0.7984 0.6902 0.5636 -99999.0000 -99999.0000 -99999.0000 -99999.0000 -99999.0000 -99999.0000 -99999.0000
-99999.0000 -99999.0000 -99999.0000 -99999.0000 -99999.0000 -99999.0000 0.3000 0.4575 0.6450 0.7250 0.6984 0.5489 0.5000 -99999.0000 -99999.0000 0.5000 0.4318 0.4955 0.6830 0.7000 0.7000 0.7437 0.8000 0.8547 0.8328 0.8000 0.8000 0.8000 0.8000 0.8000 0.8000 0.7898 0.7129 0.6317 0.6286 0.7175 0.8050 0.8621 0.8581 0.8047 0.8000 0.8172 0.8032 0.8000 0.8000 0.8365 0.9000 0.9000 0.8790 0.8017 0.8000 0.8000 0.8000 0.8000 0.7297 0.6115 -99999.0000 -99999.0000 -99999.0000 -99999.0000 -99999.0000 -99999.0000 -99999.0000
-99999.0000 -99999.0000 -99999.0000 -99999.0000 -99999.0000 -99999.0000 -99999.0000 0.3941 0.6641 0.7870 0.7952 0.7206 0.4697 0.0000 0.4375 0.5128 0.6562 0.7429 0.7836 0.7774 0.7625 0.7922 0.8000 0.8733 0.8828 0.8078 0.8000 0.8000 0.8000 0.8078 0.8133 0.8078 0.7922 0.7210 0.7016 0.7563 0.7983 0.7889 0.8000 0.8000 0.8000 0.8000 0.8000 0.8000 0.8000 0.8377 0.9000 0.8953 0.8177 0.8000 0.8000 0.8000 0.8000 0.8000 0.7250 0.6080 0.5000 -99999.0000 -99999.0000 -99999.0000 -99999.0000 -99999.0000 -99999.0000
-99999.0000 -99999.0000 -99999.0000 -99999.0000 -99999.0000 -99999.0000 -99999.0000 0.4692 0.6875 0.8078 0.8700 0.8323 0.7339 0.5943 0.6609 0.7500 0.8234 0.8350 0.8000 0.8000 0.8000 0.8000 0.8000 0.8210 0.8984 0.8797 0.8217 0.8000 0.8000 0.8806 0.9000 0.8953 0.8297 0.7984 0.7883 0.7828 0.7127 0.6907 0.7244 0.7984 0.8000 0.7755 0.7453 0.7823 0.8000 0.8710 0.8952 0.8371 0.8000 0.8000 0.8000 0.8000 0.8000 0.8000 0.7703 0.6714 0.6000 -99999.0000 -99999.0000 -99999.0000 -99999.0000 -99999.0000 -99999.0000
-99999.0000 -99999.0000 -99999.0000 -99999.0000 -99999.0000 0.1444 0.3208 0.5788 0.7547 0.8562 0.9000 0.8953 0.8183 0.7887 0.7950 0.8500 0.9000 0.8984 0.8750 0.8419 0.8017 0.8000 0.8000 0.8000 0.8867 0.9000 0.8982 0.8736 0.8350 0.8083 0.8375 0.8781 0.8359 0.8000 0.8000 0.7375 0.6625 0.5950 0.6344 0.7344 0.7500 0.7034 0.7000 0.7587 0.8070 0.8859 0.8217 0.7854 0.7667 0.7953 0.8000 0.8000 0.7922 0.7891 0.8000 0.7583 0.6900 -99999.0000 -99999.0000 -99999.0000 -99999.0000 -99999.0000 -99999.0000
-99999.0000 -99999.0000 -99999.0000 -99999.0000 0.2400 0.4509 0.6562 0.7547 0.8194 0.8952 0.9000 0.9000 0.8625 0.8000 0.8000 0.8625 0.9000 0.9000 0.9000 0.9000 0.8703 0.8194 0.8125 0.8414 0.8984 0.9000 0.9000 0.9000 0.8625 0.8000 0.8000 0.8000 0.8000 0.8000 0.7917 0.6938 0.5676 0.5000 0.5083 0.6255 0.6940 0.7000 0.7170 0.8000 0.8000 0.8063 0.7914 0.7278 0.7000 0.7611 0.8000 0.7833 0.7085 0.6952 0.7629 0.7984 0.7293 0.6000 -99999.0000 -99999.0000 -99999.0000 -99999.0000 -99999.0000
-99999.0000 -99999.0000 -99999.0000 -99999.0000 0.4364 0.6098 0.7891 0.8733 0.8984 0.9000 0.9000 0.9000 0.8984 0.8222 0.8203 0.8922 0.8828 0.8656 0.8983 0.9000 0.9000 0.9000 0.9000 0.9000 0.9000 0.9000 0.9000 0.9000 0.8467 0.8000 0.8000 0.8000 0.8000 0.7922 0.7032 0.6123 0.4800 0.3000 -99999.0000 0.5429 0.6513 0.7484 0.7983 0.7891 0.7932 0.8000 0.7348 0.7000 0.7000 0.7288 0.7984 0.7295 0.6926 0.6300 0.7060 0.7883 0.7203 0.6250 -99999.0000 -99999.0000 -99999.0000 -99999.0000 -99999.0000
-99999.0000 -99999.0000 -99999.0000 -99999.0000 0.5000 0.6622 0.7966 0.8922 0.9000 0.9000 0.9000 0.9000 0.9000 0.8873 0.8937 0.9000 0.8473 0.8000 0.8719 0.9000 0.9000 0.9000 0.9000 0.9000 0.8902 0.8279 0.8125 0.8125 0.8016 0.8000 0.8000 0.8000 0.8000 0.7714 0.6480 0.5692 -99999.0000 -99999.0000 -99999.0000 0.5000 0.6538 0.7656 0.8000 0.7027 0.7073 0.7491 0.7145 0.7000 0.7000 0.7000 0.7119 0.7016 0.6643 0.6707 0.7000 0.7085 0.7016 0.6304 0.4720 0.1636 -99999.0000 -99999.0000 -99999.0000
0.3000 0.1000 -99999.0000 0.0000 0.4160 0.6839 0.8000 0.8500 0.8983 0.8867 0.8983 0.9000 0.8703 0.8063 0.8719 0.9000 0.8860 0.8281 0.8879 0.9000 0.9000 0.8915 0.8600 0.8387 0.8058 0.8000 0.8000 0.8000 0.8000 0.7519 0.7179 0.7630 0.8000 0.7525 0.6484 0.6000 0.4500 0.4333 0.4143 0.5625 0.6766 0.7921 0.7575 0.6864 0.6900 0.6984 0.7433 0.7057 0.6273 0.6167 0.6375 0.6571 0.7000 0.7000 0.7000 0.7020 0.7400 0.7016 0.5841 0.3053 -99999.0000 -99999.0000 -99999.0000
0.3278 0.4044 0.3972 0.4961 0.6167 0.7703 0.8000 0.8047 0.8109 0.8000 0.8109 0.8333 0.8113 0.8000 0.8719 0.9000 0.9000 0.9000 0.9000 0.9000 0.8678 0.8000 0.8000 0.7877 0.7531 0.7538 0.7810 0.8000 0.7879 0.7000 0.7000 0.7000 0.7350 0.7060 0.6769 0.6024 0.5848 0.5787 0.6613 0.6824 0.7580 0.8000 0.7333 0.6500 0.6000 0.6319 0.6797 0.6915 0.6105 0.6000 0.6000 0.6000 0.6690 0.7000 0.7000 0.7500 0.8000 0.7952 0.7186 0.6600 -99999.0000 -99999.0000 -99999.0000
0.3368 0.4528 0.5844 0.6859 0.7823 0.8109 0.8687 0.8328 0.8000 0.7600 0.7672 0.8000 0.8000 0.8203 0.8983 0.9000 0.8922 0.8875 0.8875 0.8520 0.8058 0.8000 0.7894 0.7111 0.7000 0.7000 0.7021 0.7860 0.7979 0.7114 0.7000 0.7000 0.7000 0.7000 0.7119 0.7103 0.7081 0.7391 0.7677 0.7917 0.8000 0.8000 0.7196 0.5904 0.6000 0.5045 0.5649 0.6156 0.6000 0.6000 0.6000 0.6083 0.6833 0.7000 0.7078 0.7891 0.8000 0.8359 0.7969 0.6912 -99999.0000 -99999.0000 -99999.0000
-99999.0000 0.5000 0.5500 0.6830 0.7967 0.8891 0.9000 0.8613 0.8000 0.7552 0.7410 0.8000 0.8000 0.8220 0.9000 0.8526 0.8047 0.8000 0.8000 0.8000 0.8000 0.7891 0.7404 0.7000 0.6353 0.6609 0.7000 0.7435 0.8000 0.7593 0.7017 0.7000 0.7085 0.7629 0.8000 0.7922 0.7917 0.8000 0.8000 0.8000 0.8000 0.8000 0.7241 0.5385 0.4000 0.4071 0.4854 0.6000 0.6000 0.6000 0.6021 0.6772 0.7000 0.7237 0.7821 0.8000 0.8000 0.8625 0.8438 0.7226 0.6000 -99999.0000 -99999.0000
-99999.0000 -99999.0000 -99999.0000 0.5395 0.7633 0.8859 0.9000 0.8914 0.8050 0.7953 0.7953 0.8000 0.8000 0.8000 -99999.0000 0.8000 0.8000 0.7981 0.7538 0.7300 0.7138 0.7016 0.7000 0.7000 0.7000 0.7000 0.7000 0.7677 0.8000 0.8000 0.7810 0.7622 0.7788 0.8000 0.8000 0.8000 0.8000 0.8000 0.8000 0.8000 0.8000 0.8000 0.7091 0.5000 0.4500 0.4333 0.5295 0.6328 0.6625 0.6516 0.6339 0.7000 0.7000 0.7659 0.8000 0.8000 0.8000 0.8172 0.8141 0.7469 0.6000 -99999.0000 -99999.0000
-99999.0000 -99999.0000 -99999.0000 0.4853 0.6484 0.7812 0.8359 0.8840 0.8234 0.8000 0.8000 0.8000 -99999.0000 -99999.0000 0.8000 0.8000 0.8000 0.7900 0.7020 0.7000 0.7000 0.7000 0.7000 0.7000 0.7016 0.7355 0.7563 0.7542 0.7828 0.8000 0.8000 0.8000 0.8000 0.8000 0.8000 0.8000 0.8000 0.8000 0.8000 0.8000 0.8000 0.8000 0.7509 0.6486 0.5469 0.5026 0.5827 0.6905 0.7141 0.6953 0.6094 0.6484 0.7000 0.7020 0.7797 0.8000 0.8000 0.8000 0.8000 0.7359 0.6875 0.4000 -99999.0000
-99999.0000 -99999.0000 -99999.0000 0.2846 0.5167 0.6184 0.6905 0.7565 0.7625 0.7476 0.7038 0.7918 0.8000 -99999.0000 0.8000 0.8000 0.8000 0.8000 0.7583 0.7029 0.7000 0.7000 0.7000 0.7212 0.7766 0.8000 0.8000 0.7169 0.7189 0.8000 0.8000 0.8000 0.8000 0.8000 0.8000 0.8000 0.8000 0.8000 0.8000 0.8000 0.8000 0.8000 0.7984 0.7391 0.6508 0.6000 0.6100 0.7063 0.7828 0.6922 0.6048 0.6032 0.6891 0.7018 0.7717 0.8000 0.7652 0.7571 0.7984 0.7563 0.6489 0.4844 0.2600
-99999.0000 -99999.0000 -99999.0000 -99999.0000 -99999.0000 -99999.0000 0.5267 0.5516 0.5854 0.5560 0.5976 0.7175 0.7689 0.7000 0.7302 0.7915 0.8000 0.8000 0.8000 0.7508 0.7000 0.7000 0.7283 0.7982 0.8000 0.8000 0.8000 0.7633 0.7569 0.8000 0.8000 0.8000 0.8000 0.8000 0.8000 0.8000 0.8000 0.8000 0.8000 0.7932 0.8000 0.8000 0.8000 0.7594 0.6594 0.5911 0.5652 0.6863 0.7281 0.6942 0.6083 0.6360 0.7000 0.7684 0.8000 0.7930 0.7063 0.7055 0.7922 0.7984 0.7517 0.6600 0.5702
-99999.0000 -99999.0000 -99999.0000 -99999.0000 -99999.0000 -99999.0000 0.4000 0.4000 0.4000 -99999.0000 0.5276 0.6651 0.7000 0.7000 0.7000 0.7368 0.8000 0.8516 0.8177 0.7857 0.7000 0.7000 0.7613 0.8000 0.8000 0.8000 0.8000 0.8000 0.8000 0.8000 0.8000 0.8179 0.8389 0.8000 0.8000 0.8000 0.8000 0.7983 0.7452 0.7075 0.7246 0.7355 0.7222 0.6937 0.6161 0.5600 0.5148 0.6125 0.6842 0.6434 0.6000 0.6375 0.7030 0.8000 0.8000 0.8000 0.7750 0.7833 0.8000 0.8000 0.8000 0.7891 0.7133
-99999.0000 -99999.0000 -99999.0000 -99999.0000 -99999.0000 -99999.0000 -99999.0000 -99999.0000 -99999.0000 -99999.0000 0.4130 0.6508 0.7453 0.7079 0.7000 0.7242 0.8000 0.8210 0.8075 0.7951 0.7281 0.7218 0.7907 0.8000 0.8000 0.8000 0.8000 0.8000 0.8000 0.8000 0.8177 0.8978 0.8860 0.8000 0.7917 0.7310 0.7581 0.7359 0.6673 0.6714 0.6278 0.6516 0.6826 0.6273 0.5875 0.5000 0.5000 0.5545 0.5941 0.5520 0.5240 0.6117 0.7016 0.7769 0.8000 0.8000 0.7887 0.7952 0.8000 0.8000 0.8000 0.8000 0.7968
-99999.0000 -99999.0000 -99999.0000 -99999.0000 -99999.0000 -99999.0000 -99999.0000 -99999.0000 -99999.0000 -99999.0000 0.5000 0.6526 0.7917 0.7803 0.7414 0.7672 0.8000 0.8547 0.8203 0.8000 0.8000 0.8000 0.8000 0.7768 0.7625 0.7891 0.8000 0.8000 0.8000 0.8000 0.8250 0.9000 0.8623 0.8000 0.7469 0.7000 0.7000 0.6788 0.5944 0.5000 0.5412 0.5929 0.6000 0.6029 0.6100 0.5920 0.5333 0.5935 0.5510 0.5000 0.5000 0.5382 0.6917 0.7131 0.7322 0.7172 0.6883 0.6968 0.7238 0.7138 0.7049 0.7095 0.7109
