data01/BiomassAHP.asc
NCOLS 73
NROWS 78
XLLCORNER 114.8409628900
YLLCORNER 27.1302345400
CELLSIZE 0.100000
NODATA_VALUE -99999.0000
[rows 32 to 63 of 78, columns 0 to 70 of 73]
0.0000 0.0000 0.0000 0.0000 0.0000 0.0000 0.4834 0.5681 0.6387 0.6372 0.6924 0.6906 0.6613 0.7133 0.7550 0.7597 0.7353 0.7024 0.7076 0.7331 0.7257 0.7271 0.7754 0.7379 0.7478 0.7398 0.6778 0.6896 0.7265 0.7296 0.7461 0.8305 0.8319 0.8177 0.7598 0.7434 0.6778 0.6925 0.7682 0.7449 0.7447 0.7749 0.7956 0.7416 0.7381 0.7617 0.7591 0.7338 0.7107 0.6986 0.7181 0.7570 0.7602 0.7486 0.7451 0.7714 0.7786 0.7731 0.7571 0.7216 0.7600 0.7725 0.7676 0.7447 0.0000 0.0000 0.0000 0.0000 0.6426 0.6537 0.6469
0.0000 0.0000 0.0000 0.0000 0.0000 0.4207 0.5322 0.6551 0.7060 0.6936 0.7030 0.7041 0.6616 0.6940 0.7031 0.7266 0.7596 0.7467 0.7167 0.7310 0.7259 0.7282 0.7557 0.7734 0.7447 0.7070 0.6499 0.6259 0.0000 0.6581 0.7184 0.8350 0.8227 0.8306 0.7981 0.7707 0.7736 0.7859 0.8023 0.7402 0.7594 0.7837 0.7872 0.8049 0.7992 0.7739 0.7663 0.7237 0.6863 0.6975 0.7522 0.7616 0.7542 0.7477 0.7442 0.7483 0.7733 0.7740 0.7622 0.7544 0.7538 0.7914 0.7940 0.7684 0.7287 0.0000 0.0000 0.0000 0.0000 0.5550 0.3644
0.0000 0.0000 0.0000 0.0000 0.0000 0.4599 0.6245 0.7382 0.7622 0.7706 0.7411 0.7521 0.7081 0.7035 0.7154 0.7421 0.7457 0.7601 0.7341 0.7279 0.7290 0.7207 0.7321 0.7428 0.7542 0.7221 0.6876 0.6899 0.6743 0.6903 0.7375 0.8165 0.8428 0.8100 0.7653 0.7660 0.7710 0.7897 0.7395 0.7393 0.7671 0.6915 0.7134 0.7279 0.7988 0.7749 0.7732 0.7778 0.7678 0.7648 0.7572 0.7598 0.7007 0.7030 0.7081 0.7275 0.7638 0.7482 0.7268 0.6327 0.7503 0.7663 0.7830 0.7419 0.6964 0.0000 0.0000 0.0000 0.0000 0.0000 0.0000
0.0000 0.0000 0.0000 0.0000 0.0000 0.4605 0.6532 0.7449 0.7031 0.6975 0.7233 0.7114 0.7240 0.7500 0.7637 0.7374 0.7771 0.7644 0.7339 0.7721 0.7652 0.7816 0.7744 0.7635 0.7643 0.7578 0.7453 0.7325 0.7689 0.7830 0.7941 0.7846 0.7841 0.7596 0.7356 0.7017 0.7233 0.7459 0.7065 0.6850 0.6632 0.6955 0.7246 0.7419 0.7352 0.7290 0.7465 0.7494 0.7387 0.7376 0.7544 0.7518 0.6718 0.6977 0.6666 0.6983 0.7271 0.6921 0.7125 0.7683 0.7391 0.7311 0.7341 0.7397 0.0000 0.0000 0.0000 0.0000 0.0000 0.0000 0.0000
0.0000 0.0000 0.0000 0.0000 0.0000 0.0000 0.6296 0.6748 0.6295 0.6440 0.6888 0.7087 0.7010 0.7174 0.6959 0.7177 0.6978 0.7091 0.7179 0.7157 0.7492 0.7637 0.7263 0.7390 0.7469 0.7418 0.7291 0.7657 0.7876 0.7702 0.7521 0.7397 0.7625 0.7720 0.7379 0.7524 0.7679 0.7810 0.6985 0.6424 0.6317 0.6482 0.6881 0.7070 0.6980 0.7088 0.7528 0.7547 0.7194 0.7175 0.7356 0.0000 0.0000 0.0000 0.7130 0.7318 0.7385 0.7495 0.7632 0.7671 0.7299 0.7329 0.7573 0.7442 0.0000 0.0000 0.0000 0.0000 0.0000 0.0000 0.0000
0.0000 0.0000 0.0000 0.0000 0.0000 0.0000 0.4211 0.5021 0.0000 0.4150 0.6331 0.6754 0.6478 0.6371 0.6791 0.6799 0.6841 0.7157 0.7022 0.6931 0.6957 0.7566 0.7399 0.7219 0.7025 0.7213 0.7072 0.7504 0.7526 0.7673 0.7666 0.7487 0.7579 0.7880 0.7711 0.7815 0.7691 0.7685 0.7268 0.6652 0.6227 0.6303 0.6721 0.6947 0.6731 0.7271 0.7324 0.7410 0.7475 0.7401 0.7352 0.0000 0.0000 0.0000 0.6668 0.7417 0.7734 0.7591 0.7362 0.7523 0.6927 0.7415 0.7631 0.0000 0.0000 0.0000 0.0000 0.0000 0.7455 0.6145 0.3935
0.0000 0.0000 0.0000 0.0000 0.0000 0.0000 0.0000 0.0000 0.0000 0.2452 0.5034 0.6027 0.6153 0.6131 0.6834 0.6869 0.6843 0.6727 0.6945 0.6820 0.6894 0.7424 0.7641 0.7468 0.7125 0.7110 0.7088 0.7329 0.6928 0.6672 0.7229 0.7439 0.7498 0.7992 0.7520 0.7764 0.7602 0.7506 0.7399 0.6871 0.5933 0.6328 0.6658 0.6925 0.7079 0.7058 0.7007 0.7052 0.7152 0.7399 0.7674 0.7262 0.0000 0.6881 0.6723 0.7063 0.7477 0.7420 0.7397 0.7366 0.7468 0.7663 0.7831 0.7786 0.0000 0.0000 0.0000 0.0000 0.7575 0.6925 0.5014
0.0000 0.0000 0.0000 0.0000 0.0000 0.0000 0.0000 0.0000 0.0000 0.0000 0.0000 0.4403 0.5275 0.6326 0.6769 0.6917 0.6420 0.6485 0.6748 0.6444 0.7124 0.7102 0.7599 0.7777 0.7489 0.7200 0.7300 0.7030 0.7223 0.6865 0.7166 0.7539 0.7868 0.7895 0.8024 0.8248 0.8143 0.7694 0.7418 0.7256 0.6763 0.6954 0.7293 0.7431 0.7480 0.7513 0.7493 0.7486 0.7540 0.7759 0.8039 0.7352 0.7362 0.6915 0.6677 0.7197 0.7783 0.7723 0.7541 0.7527 0.7549 0.7843 0.7874 0.7748 0.7750 0.7934 0.7862 0.7616 0.7624 0.7488 0.6057
0.0000 0.0000 0.0000 0.0000 0.0000 0.0000 0.0000 0.0000 0.0000 0.0000 0.5041 0.5925 0.6358 0.6666 0.6621 0.6882 0.6440 0.6614 0.6826 0.6788 0.7080 0.6722 0.6748 0.7561 0.7553 0.7312 0.7390 0.7703 0.7490 0.6970 0.7247 0.7365 0.7526 0.7490 0.7705 0.7945 0.8044 0.7814 0.7742 0.7743 0.7703 0.7284 0.7253 0.7387 0.7566 0.7709 0.7629 0.7593 0.7687 0.8027 0.8068 0.7387 0.7133 0.7025 0.7167 0.7533 0.7905 0.7863 0.7683 0.7452 0.7493 0.7889 0.7975 0.7967 0.7894 0.7820 0.5999 0.6879 0.6908 0.6853 0.6406
0.0000 0.0000 0.0000 0.0000 0.0000 0.0000 0.0000 0.0000 0.0000 0.3967 0.6037 0.6649 0.6391 0.6662 0.6758 0.6656 0.6640 0.6874 0.7149 0.7055 0.6995 0.6826 0.6816 0.7301 0.7700 0.7507 0.7134 0.7086 0.6790 0.7376 0.7397 0.7627 0.8070 0.7909 0.8058 0.7835 0.7988 0.7858 0.7595 0.7404 0.7341 0.7015 0.6852 0.7186 0.7228 0.7007 0.6975 0.7464 0.7437 0.7583 0.7764 0.7489 0.7163 0.6840 0.7175 0.7342 0.7977 0.7958 0.7703 0.7955 0.8014 0.7826 0.7585 0.7471 0.7528 0.6995 0.5241 0.4279 0.0000 0.0000 0.0000
0.0000 0.0000 0.0000 0.0000 0.0000 0.0000 0.0000 0.0000 0.0000 0.5150 0.5997 0.6352 0.6358 0.6253 0.6466 0.6840 0.6871 0.7028 0.7049 0.6969 0.6857 0.6732 0.6159 0.6796 0.7286 0.7224 0.6746 0.6903 0.7330 0.7205 0.7677 0.7290 0.7524 0.7838 0.7692 0.7576 0.7417 0.7285 0.7382 0.7186 0.7011 0.7188 0.7227 0.7019 0.6985 0.6726 0.6778 0.7332 0.7491 0.7162 0.7360 0.7405 0.7404 0.7310 0.7415 0.7736 0.8144 0.8067 0.7974 0.8010 0.7969 0.7801 0.7645 0.7418 0.4968 0.0000 0.0000 0.0000 0.0000 0.0000 0.0000
0.0000 0.0000 0.0000 0.0000 0.0000 0.0000 0.0000 0.0000 0.0000 0.4168 0.5846 0.6580 0.6479 0.6253 0.6466 0.6696 0.7060 0.7156 0.7058 0.6849 0.6765 0.6535 0.6147 0.6124 0.7091 0.7265 0.7167 0.7287 0.7088 0.7024 0.7327 0.7110 0.7281 0.7707 0.7451 0.7462 0.7461 0.6962 0.6717 0.6950 0.7346 0.7493 0.7574 0.7107 0.7016 0.7088 0.6982 0.7095 0.7246 0.7754 0.8080 0.7817 0.7241 0.6992 0.7293 0.7867 0.8014 0.8085 0.8064 0.7910 0.7844 0.7376 0.7381 0.7442 0.0000 0.0000 0.0000 0.0000 0.0000 0.0000 0.0000
0.0000 0.0000 0.0000 0.0000 0.0000 0.0000 0.0000 0.0000 0.0000 0.0000 0.5245 0.6483 0.6278 0.6616 0.6892 0.7121 0.7181 0.7193 0.7022 0.6967 0.6864 0.6626 0.6547 0.6493 0.6919 0.7534 0.7455 0.7434 0.6841 0.7029 0.7261 0.7017 0.6892 0.7332 0.7230 0.7225 0.7305 0.7119 0.7036 0.7392 0.7592 0.7200 0.7406 0.7554 0.7332 0.6763 0.6743 0.7182 0.7523 0.8023 0.7881 0.7635 0.7522 0.7304 0.7473 0.7693 0.7911 0.7941 0.7812 0.7895 0.7701 0.6887 0.0000 0.0000 0.0000 0.0000 0.0000 0.0000 0.0000 0.0000 0.0000
0.0000 0.0000 0.0000 0.0000 0.0000 0.0000 0.0000 0.0000 0.0000 0.0000 0.5582 0.6914 0.6786 0.7042 0.7349 0.7236 0.7243 0.7416 0.7156 0.7236 0.7158 0.6567 0.6602 0.7385 0.7502 0.7637 0.7170 0.6936 0.7195 0.7050 0.7323 0.7112 0.6910 0.6715 0.6960 0.7080 0.7051 0.6550 0.6842 0.7431 0.6923 0.6568 0.6794 0.7252 0.7683 0.6691 0.6658 0.6985 0.7149 0.7754 0.8041 0.7947 0.7605 0.7249 0.7242 0.7502 0.7311 0.7696 0.7763 0.7512 0.7161 0.6887 0.4985 0.4735 0.4860 0.4693 0.0000 0.0000 0.0000 0.0000 0.0000
0.0000 0.0000 0.0000 0.0000 0.0000 0.0000 0.0000 0.0000 0.0000 0.0000 0.5771 0.6211 0.7353 0.7661 0.7665 0.7232 0.7387 0.7273 0.7284 0.6990 0.7294 0.7086 0.7355 0.7282 0.7328 0.7188 0.6917 0.6906 0.6880 0.7083 0.7489 0.7016 0.6750 0.7030 0.7063 0.7131 0.6834 0.6707 0.6836 0.6910 0.6607 0.6606 0.6596 0.6611 0.7396 0.7556 0.7580 0.7562 0.7418 0.7316 0.7910 0.7850 0.6912 0.6888 0.7060 0.6797 0.7144 0.7237 0.6307 0.6123 0.5676 0.5426 0.6526 0.6241 0.6310 0.5632 0.5440 0.0000 0.0000 0.0000 0.0000
0.0000 0.0000 0.0000 0.0000 0.0000 0.0000 0.0000 0.0000 0.0000 0.0000 0.0000 0.4619 0.6383 0.7139 0.7017 0.6544 0.6587 0.6456 0.6629 0.6371 0.7064 0.7215 0.7148 0.7329 0.7109 0.7024 0.7183 0.7130 0.7001 0.7296 0.7353 0.6942 0.6819 0.6690 0.7018 0.6854 0.6930 0.6842 0.6966 0.6745 0.6519 0.6516 0.6973 0.7110 0.7260 0.7508 0.7576 0.7867 0.7351 0.7316 0.7802 0.7381 0.6812 0.7201 0.6991 0.7013 0.7323 0.7317 0.7183 0.6633 0.6438 0.6665 0.6910 0.6956 0.7008 0.7045 0.6298 0.4696 0.0000 0.0000 0.0000
0.0000 0.0000 0.0000 0.0000 0.0000 0.0000 0.0000 0.0000 0.0000 0.0000 0.0000 0.0000 0.5645 0.6576 0.6650 0.6306 0.6134 0.6182 0.5777 0.6653 0.6674 0.6780 0.6670 0.6812 0.6853 0.7052 0.6685 0.7010 0.6818 0.7020 0.7151 0.7141 0.6941 0.6877 0.6570 0.6603 0.7017 0.7110 0.7106 0.6722 0.6874 0.6896 0.6873 0.6976 0.6843 0.7054 0.7536 0.8141 0.8043 0.7928 0.7967 0.7884 0.7750 0.7337 0.7501 0.7537 0.7571 0.7305 0.7720 0.7807 0.7592 0.7393 0.7350 0.7187 0.7189 0.7317 0.7024 0.6302 0.4970 0.0000 0.0000
0.0000 0.0000 0.0000 0.0000 0.0000 0.0000 0.0000 0.0000 0.0000 0.0000 0.0000 0.0000 0.6021 0.6360 0.6347 0.6252 0.5440 0.4976 0.0000 0.5358 0.6236 0.6920 0.6615 0.5956 0.6434 0.6637 0.7050 0.6793 0.6662 0.6874 0.7029 0.7242 0.7533 0.7303 0.6880 0.6732 0.6862 0.6890 0.7226 0.6867 0.6606 0.6548 0.6537 0.6583 0.6957 0.7272 0.7270 0.7357 0.7968 0.8121 0.8241 0.7861 0.7707 0.7790 0.7625 0.7719 0.7938 0.7918 0.7828 0.7929 0.7898 0.7734 0.7592 0.7438 0.7476 0.7596 0.7171 0.6784 0.5565 0.5153 0.4622
0.0000 0.0000 0.0000 0.0000 0.0000 0.0000 0.0000 0.0000 0.0000 0.0000 0.0000 0.0000 0.4320 0.4674 0.5770 0.5979 0.5940 0.5013 0.0000 0.5554 0.5911 0.6605 0.6150 0.4383 0.5871 0.6090 0.6917 0.7004 0.7150 0.7128 0.7206 0.7231 0.7368 0.7398 0.7248 0.6965 0.7039 0.6973 0.6710 0.6197 0.6541 0.6555 0.6697 0.6768 0.7300 0.7278 0.6823 0.7189 0.7255 0.7616 0.7815 0.8042 0.7944 0.7728 0.7777 0.8060 0.7957 0.7950 0.7816 0.7832 0.7930 0.7697 0.7836 0.7759 0.7721 0.7712 0.7240 0.0000 0.7631 0.7682 0.7131
0.0000 0.0000 0.0000 0.0000 0.0000 0.0000 0.0000 0.0000 0.0000 0.0000 0.0000 0.0000 0.0000 0.5711 0.4130 0.0000 0.0000 0.0000 0.5368 0.6175 0.6697 0.6372 0.5792 0.0000 0.0000 0.4011 0.6123 0.6693 0.6773 0.7023 0.7255 0.7075 0.7210 0.7377 0.7056 0.7018 0.6550 0.6421 0.6527 0.6521 0.6393 0.6305 0.6798 0.7029 0.6901 0.6971 0.7006 0.7174 0.7078 0.6900 0.7087 0.7874 0.7535 0.7407 0.7699 0.7870 0.7413 0.7594 0.7693 0.7415 0.7460 0.7089 0.7433 0.7481 0.7967 0.7967 0.7793 0.7911 0.7708 0.7751 0.7709
0.0000 0.0000 0.0000 0.0000 0.0000 0.0000 0.0000 0.0000 0.0000 0.0000 0.0000 0.0000 0.0000 0.0000 0.0000 0.0000 0.0000 0.0000 0.5235 0.6450 0.6065 0.5157 0.4534 0.0000 0.0000 0.0000 0.5502 0.6138 0.6615 0.6842 0.6562 0.6896 0.6932 0.6974 0.6707 0.6777 0.6499 0.6260 0.6382 0.6832 0.6717 0.6482 0.6859 0.6713 0.6801 0.6756 0.6994 0.7264 0.6950 0.6785 0.7448 0.7633 0.7563 0.7935 0.8060 0.7614 0.7164 0.7206 0.7077 0.6964 0.7080 0.6872 0.7070 0.7375 0.7577 0.7758 0.7983 0.7809 0.7868 0.7487 0.5488
0.0000 0.0000 0.0000 0.0000 0.0000 0.0000 0.0000 0.0000 0.0000 0.0000 0.0000 0.0000 0.0000 0.0000 0.0000 0.0000 0.0000 0.0000 0.3978 0.5433 0.4363 0.0000 0.0000 0.0000 0.0000 0.0000 0.0000 0.0000 0.0000 0.0000 0.6005 0.5545 0.5972 0.6823 0.6775 0.6270 0.6363 0.6492 0.6670 0.6500 0.6524 0.6829 0.6904 0.6616 0.7123 0.7055 0.6973 0.6962 0.6944 0.7615 0.7782 0.7099 0.7691 0.7864 0.7920 0.7788 0.7368 0.7401 0.7552 0.7441 0.7074 0.7040 0.7078 0.7379 0.7223 0.7659 0.7456 0.6645 0.6282 0.5085 0.6572
0.0000 0.0000 0.0000 0.0000 0.0000 0.0000 0.0000 0.0000 0.0000 0.0000 0.0000 0.0000 0.0000 0.0000 0.0000 0.0000 0.0000 0.0000 0.0000 0.0000 0.0000 0.0000 0.0000 0.0000 0.0000 0.0000 0.0000 0.0000 0.0000 0.0000 0.0000 0.0000 0.5616 0.6381 0.6824 0.6652 0.6545 0.6923 0.6962 0.6653 0.6211 0.6549 0.6406 0.6940 0.7173 0.7039 0.7271 0.6974 0.7352 0.7769 0.7414 0.7480 0.7897 0.7564 0.7352 0.7134 0.6969 0.7322 0.7692 0.7350 0.7073 0.7084 0.7013 0.6776 0.7267 0.7388 0.4745 0.5665 0.6830 0.6543 0.6508
0.0000 0.0000 0.0000 0.0000 0.0000 0.0000 0.0000 0.0000 0.0000 0.0000 0.0000 0.0000 0.0000 0.0000 0.0000 0.0000 0.0000 0.0000 0.0000 0.0000 0.0000 0.0000 0.0000 0.0000 0.0000 0.0000 0.0000 0.0000 0.0000 0.0000 0.0000 0.0000 0.3822 0.5837 0.6712 0.7032 0.7028 0.6844 0.6847 0.6656 0.6272 0.6645 0.6909 0.7208 0.7197 0.7618 0.7535 0.7329 0.7818 0.7810 0.7388 0.7702 0.7656 0.7540 0.7247 0.7325 0.7331 0.7044 0.6861 0.6959 0.6994 0.7006 0.7064 0.7038 0.7248 0.7313 0.6360 0.6643 0.6989 0.6520 0.6192
0.0000 0.0000 0.0000 0.0000 0.0000 0.0000 0.0000 0.0000 0.0000 0.0000 0.0000 0.0000 0.0000 0.0000 0.0000 0.0000 0.0000 0.0000 0.0000 0.0000 0.0000 0.0000 0.0000 0.0000 0.0000 0.0000 0.0000 0.0000 0.0000 0.0000 0.0000 0.0000 0.4715 0.6365 0.6650 0.7124 0.7140 0.6903 0.6447 0.6583 0.7024 0.7324 0.7320 0.7227 0.7344 0.7802 0.8019 0.7463 0.7481 0.7610 0.7696 0.7488 0.7697 0.7405 0.7317 0.7480 0.7371 0.7191 0.7015 0.6762 0.6986 0.6807 0.6850 0.7143 0.7472 0.7563 0.6966 0.6791 0.6985 0.5553 0.6436
0.0000 0.0000 0.0000 0.0000 0.0000 0.0000 0.0000 0.0000 0.0000 0.0000 0.0000 0.0000 0.0000 0.0000 0.0000 0.0000 0.0000 0.0000 0.0000 0.0000 0.0000 0.0000 0.0000 0.0000 0.0000 0.0000 0.0000 0.0000 0.0000 0.0000 0.0000 0.4522 0.5876 0.6722 0.6859 0.7102 0.7069 0.6890 0.7132 0.7320 0.7376 0.7599 0.7599 0.7566 0.7385 0.7526 0.7864 0.7205 0.7246 0.7720 0.7872 0.7749 0.7784 0.7622 0.7279 0.7520 0.7355 0.7127 0.7073 0.7042 0.7042 0.7005 0.6874 0.7114 0.7643 0.7166 0.6233 0.6216 0.6227 0.5802 0.6396
0.0000 0.0000 0.0000 0.0000 0.0000 0.0000 0.0000 0.0000 0.0000 0.0000 0.0000 0.0000 0.0000 0.0000 0.0000 0.0000 0.0000 0.0000 0.0000 0.0000 0.0000 0.0000 0.0000 0.0000 0.0000 0.0000 0.0000 0.0000 0.0000 0.0000 0.0000 0.2093 0.5610 0.6652 0.6946 0.7095 0.6964 0.7398 0.7313 0.7564 0.7732 0.7723 0.7591 0.7557 0.7399 0.7337 0.7422 0.7510 0.7902 0.7815 0.7597 0.7732 0.7800 0.7966 0.7883 0.7962 0.7456 0.7174 0.7243 0.7375 0.7148 0.7344 0.7495 0.7490 0.7847 0.7679 0.6992 0.5434 0.5870 0.0000 0.0000
0.0000 0.0000 0.0000 0.0000 0.0000 0.0000 0.0000 0.0000 0.0000 0.0000 0.0000 0.0000 0.0000 0.0000 0.0000 0.0000 0.0000 0.0000 0.0000 0.0000 0.0000 0.0000 0.0000 0.0000 0.0000 0.0000 0.0000 0.0000 0.0000 0.0000 0.0000 0.0000 0.4098 0.5425 0.6574 0.6995 0.7123 0.7391 0.7800 0.8064 0.7810 0.7617 0.7718 0.7860 0.7546 0.7444 0.7104 0.7408 0.7323 0.7661 0.7402 0.7536 0.7791 0.7647 0.7451 0.7127 0.6847 0.6859 0.6652 0.6595 0.7110 0.7549 0.7803 0.7990 0.7949 0.7603 0.6854 0.6126 0.6142 0.0000 0.0000
0.0000 0.0000 0.0000 0.0000 0.0000 0.0000 0.0000 0.0000 0.0000 0.0000 0.0000 0.0000 0.0000 0.0000 0.0000 0.0000 0.0000 0.0000 0.0000 0.0000 0.0000 0.0000 0.0000 0.0000 0.0000 0.0000 0.0000 0.0000 0.0000 0.0000 0.0000 0.0000 0.0000 0.2909 0.6001 0.6891 0.7286 0.7467 0.7672 0.7961 0.7876 0.7691 0.7536 0.7863 0.7601 0.7374 0.7174 0.7251 0.7686 0.7745 0.7352 0.7572 0.7453 0.7472 0.7119 0.6644 0.6653 0.6737 0.6714 0.6918 0.7141 0.7705 0.7925 0.7942 0.7881 0.7921 0.7384 0.6096 0.4481 0.0000 0.0000
0.0000 0.0000 0.0000 0.0000 0.0000 0.0000 0.0000 0.0000 0.0000 0.0000 0.0000 0.0000 0.0000 0.0000 0.0000 0.0000 0.0000 0.0000 0.0000 0.0000 0.0000 0.0000 0.0000 0.0000 0.0000 0.0000 0.0000 0.0000 0.0000 0.0000 0.0000 0.0000 0.0000 0.0000 0.4115 0.6371 0.7258 0.7570 0.7598 0.7336 0.7117 0.7218 0.7051 0.7297 0.6816 0.6512 0.6750 0.7527 0.7521 0.7290 0.6971 0.7393 0.7304 0.7352 0.7103 0.6714 0.6908 0.6986 0.7081 0.7084 0.6907 0.7343 0.7590 0.7892 0.7634 0.7544 0.7576 0.6846 0.5102 0.0000 0.0000
0.0000 0.0000 0.0000 0.0000 0.0000 0.0000 0.0000 0.0000 0.0000 0.0000 0.0000 0.0000 0.0000 0.0000 0.0000 0.0000 0.0000 0.0000 0.0000 0.0000 0.0000 0.0000 0.0000 0.0000 0.0000 0.0000 0.0000 0.0000 0.0000 0.0000 0.0000 0.0000 0.0000 0.0000 0.0000 0.6135 0.7387 0.7426 0.7001 0.6679 0.6802 0.6738 0.6331 0.6644 0.6851 0.6479 0.6612 0.7720 0.7162 0.7310 0.7428 0.7666 0.7621 0.7170 0.7017 0.6818 0.6809 0.6744 0.7042 0.6979 0.6992 0.7208 0.7625 0.7984 0.7902 0.7514 0.5814 0.5239 0.5384 0.0000 0.0000
0.0000 0.0000 0.0000 0.0000 0.0000 0.0000 0.0000 0.0000 0.0000 0.0000 0.0000 0.0000 0.0000 0.0000 0.0000 0.0000 0.0000 0.0000 0.0000 0.0000 0.0000 0.0000 0.0000 0.0000 0.0000 0.0000 0.0000 0.0000 0.0000 0.0000 0.0000 0.0000 0.0000 0.0000 0.0000 0.4143 0.6918 0.7197 0.7139 0.6858 0.6819 0.7031 0.6776 0.6745 0.6756 0.6820 0.6620 0.7670 0.7245 0.7316 0.7708 0.7218 0.7029 0.6860 0.6861 0.6831 0.6640 0.6702 0.7032 0.6993 0.7377 0.7803 0.7856 0.8181 0.7782 0.7333 0.6533 0.4691 0.0000 0.0000 0.0000
