data01/Elevation.asc
NCOLS 73
NROWS 78
XLLCORNER 114.8409628900
YLLCORNER 27.1302345400
CELLSIZE 0.100000
NODATA_VALUE -99999.0000
[rows 0 to 27 of 78, columns 0 to 62 of 73]
-99999.0000 -99999.0000 -99999.0000 -99999.0000 -99999.0000 -99999.0000 -99999.0000 -99999.0000 -99999.0000 -99999.0000 -99999.0000 -99999.0000 -99999.0000 -99999.0000 -99999.0000 1.0000 0.8571 0.8814 0.9180 1.0000 0.9000 1.0000 -99999.0000 -99999.0000 -99999.0000 -99999.0000 -99999.0000 -99999.0000 -99999.0000 -99999.0000 -99999.0000 -99999.0000 -99999.0000 -99999.0000 -99999.0000 -99999.0000 -99999.0000 -99999.0000 -99999.0000 0.8091 0.9932 1.0000 1.0000 1.0000 -99999.0000 -99999.0000 -99999.0000 -99999.0000 -99999.0000 -99999.0000 -99999.0000 -99999.0000 -99999.0000 -99999.0000 -99999.0000 -99999.0000 -99999.0000 -99999.0000 -99999.0000 -99999.0000 -99999.0000 -99999.0000 -99999.0000
-99999.0000 -99999.0000 -99999.0000 -99999.0000 -99999.0000 -99999.0000 -99999.0000 -99999.0000 -99999.0000 -99999.0000 -99999.0000 -99999.0000 -99999.0000 -99999.0000 -99999.0000 1.0000 1.0000 1.0000 1.0000 1.0000 1.0000 0.7917 0.0000 -99999.0000 -99999.0000 -99999.0000 -99999.0000 -99999.0000 -99999.0000 -99999.0000 -99999.0000 -99999.0000 -99999.0000 -99999.0000 -99999.0000 -99999.0000 -99999.0000 -99999.0000 1.0000 1.0000 1.0000 1.0000 0.8235 0.7000 0.2500 0.7143 -99999.0000 -99999.0000 -99999.0000 -99999.0000 -99999.0000 -99999.0000 -99999.0000 -99999.0000 -99999.0000 -99999.0000 -99999.0000 -99999.0000 -99999.0000 -99999.0000 -99999.0000 -99999.0000 -99999.0000
-99999.0000 -99999.0000 -99999.0000 -99999.0000 -99999.0000 -99999.0000 -99999.0000 -99999.0000 -99999.0000 -99999.0000 -99999.0000 -99999.0000 -99999.0000 -99999.0000 -99999.0000 0.9545 1.0000 1.0000 1.0000 1.0000 1.0000 0.9831 0.4583 -99999.0000 -99999.0000 -99999.0000 -99999.0000 -99999.0000 -99999.0000 1.0000 1.0000 0.6190 0.3846 -99999.0000 -99999.0000 -99999.0000 0.8519 0.9200 0.8824 1.0000 1.0000 1.0000 0.9828 0.7143 0.8000 0.6077 0.0000 0.0000 -99999.0000 -99999.0000 -99999.0000 -99999.0000 -99999.0000 -99999.0000 -99999.0000 -99999.0000 -99999.0000 -99999.0000 -99999.0000 -99999.0000 -99999.0000 -99999.0000 -99999.0000
-99999.0000 -99999.0000 -99999.0000 -99999.0000 -99999.0000 -99999.0000 -99999.0000 -99999.0000 -99999.0000 -99999.0000 -99999.0000 -99999.0000 -99999.0000 1.0000 0.8095 0.9683 1.0000 1.0000 1.0000 1.0000 1.0000 1.0000 0.9286 1.0000 1.0000 0.7895 -99999.0000 -99999.0000 0.8000 0.8718 1.0000 1.0000 0.9024 1.0000 -99999.0000 1.0000 1.0000 1.0000 1.0000 1.0000 1.0000 1.0000 0.9180 0.9960 0.8049 0.4484 0.3000 0.0000 -99999.0000 -99999.0000 -99999.0000 -99999.0000 -99999.0000 -99999.0000 -99999.0000 -99999.0000 -99999.0000 -99999.0000 -99999.0000 -99999.0000 -99999.0000 -99999.0000 -99999.0000
-99999.0000 -99999.0000 -99999.0000 -99999.0000 -99999.0000 -99999.0000 -99999.0000 -99999.0000 -99999.0000 -99999.0000 -99999.0000 -99999.0000 -99999.0000 0.9091 1.0000 1.0000 1.0000 1.0000 1.0000 1.0000 1.0000 1.0000 1.0000 0.6667 0.9911 0.9933 0.8519 0.8667 0.9831 0.9833 1.0000 1.0000 1.0000 0.6667 -99999.0000 0.7778 1.0000 1.0000 1.0000 1.0000 1.0000 1.0000 0.9984 0.9984 0.9062 0.8095 0.4364 0.4286 0.3000 0.0000 1.0000 -99999.0000 -99999.0000 -99999.0000 -99999.0000 -99999.0000 -99999.0000 -99999.0000 -99999.0000 -99999.0000 -99999.0000 -99999.0000 -99999.0000
-99999.0000 -99999.0000 -99999.0000 -99999.0000 -99999.0000 -99999.0000 -99999.0000 -99999.0000 -99999.0000 -99999.0000 -99999.0000 -99999.0000 -99999.0000 1.0000 1.0000 1.0000 1.0000 1.0000 1.0000 1.0000 1.0000 1.0000 1.0000 0.9176 0.9964 1.0000 0.9811 0.9969 1.0000 1.0000 1.0000 1.0000 1.0000 0.7959 0.8065 1.0000 1.0000 1.0000 1.0000 1.0000 0.9032 0.8438 0.8125 0.8095 0.9344 0.9667 0.8438 0.6719 0.4237 0.2812 0.4500 0.0000 1.0000 -99999.0000 -99999.0000 -99999.0000 -99999.0000 -99999.0000 -99999.0000 -99999.0000 -99999.0000 -99999.0000 -99999.0000
-99999.0000 -99999.0000 -99999.0000 -99999.0000 -99999.0000 -99999.0000 -99999.0000 -99999.0000 -99999.0000 -99999.0000 -99999.0000 -99999.0000 -99999.0000 -99999.0000 1.0000 1.0000 1.0000 0.9322 1.0000 1.0000 1.0000 0.9968 0.9886 1.0000 1.0000 1.0000 1.0000 1.0000 1.0000 1.0000 1.0000 1.0000 1.0000 1.0000 1.0000 1.0000 1.0000 1.0000 1.0000 1.0000 0.9535 0.9677 0.9219 0.9020 0.7674 0.9032 0.7656 0.7500 0.4857 0.5556 0.5000 0.3509 0.3636 0.3556 0.7000 -99999.0000 -99999.0000 -99999.0000 -99999.0000 -99999.0000 -99999.0000 -99999.0000 -99999.0000
-99999.0000 -99999.0000 -99999.0000 -99999.0000 -99999.0000 -99999.0000 -99999.0000 -99999.0000 -99999.0000 -99999.0000 -99999.0000 -99999.0000 -99999.0000 -99999.0000 -99999.0000 -99999.0000 0.6000 0.9672 1.0000 1.0000 0.9885 0.9957 0.9915 1.0000 1.0000 1.0000 1.0000 1.0000 1.0000 1.0000 1.0000 1.0000 1.0000 1.0000 1.0000 1.0000 1.0000 1.0000 1.0000 1.0000 0.9500 1.0000 0.9074 0.8750 0.9574 0.8689 0.8571 0.8611 0.9636 1.0000 0.9818 0.6610 0.6719 0.3175 0.1379 -99999.0000 -99999.0000 -99999.0000 -99999.0000 -99999.0000 -99999.0000 -99999.0000 -99999.0000
-99999.0000 -99999.0000 -99999.0000 -99999.0000 -99999.0000 -99999.0000 -99999.0000 0.0000 0.7727 0.6875 0.0000 -99999.0000 -99999.0000 -99999.0000 -99999.0000 -99999.0000 1.0000 1.0000 1.0000 1.0000 0.9967 0.9797 0.9918 1.0000 1.0000 1.0000 1.0000 1.0000 1.0000 1.0000 1.0000 1.0000 1.0000 -99999.0000 1.0000 1.0000 1.0000 1.0000 1.0000 1.0000 1.0000 1.0000 0.9375 1.0000 0.9512 0.9592 0.6154 1.0000 1.0000 1.0000 0.8947 0.7049 0.3906 0.1094 0.0952 -99999.0000 -99999.0000 -99999.0000 -99999.0000 -99999.0000 -99999.0000 -99999.0000 -99999.0000
-99999.0000 -99999.0000 -99999.0000 -99999.0000 -99999.0000 -99999.0000 -99999.0000 0.8250 0.9773 0.9839 0.8125 1.0000 -99999.0000 -99999.0000 -99999.0000 -99999.0000 -99999.0000 1.0000 1.0000 1.0000 0.9977 0.9540 0.9754 0.9969 1.0000 0.9937 1.0000 1.0000 1.0000 1.0000 1.0000 1.0000 1.0000 1.0000 1.0000 1.0000 1.0000 1.0000 1.0000 1.0000 1.0000 1.0000 1.0000 1.0000 0.9688 1.0000 0.8983 1.0000 0.8750 0.7955 0.8929 0.5312 0.2500 0.2500 0.3607 0.0000 -99999.0000 -99999.0000 -99999.0000 -99999.0000 -99999.0000 -99999.0000 -99999.0000
-99999.0000 -99999.0000 -99999.0000 -99999.0000 -99999.0000 -99999.0000 1.0000 1.0000 1.0000 1.0000 1.0000 0.9111 1.0000 -99999.0000 -99999.0000 1.0000 0.8182 0.8182 1.0000 1.0000 0.9867 0.9594 1.0000 1.0000 0.9937 1.0000 1.0000 1.0000 1.0000 1.0000 1.0000 1.0000 1.0000 1.0000 1.0000 1.0000 1.0000 1.0000 1.0000 1.0000 1.0000 1.0000 1.0000 1.0000 1.0000 1.0000 0.9365 0.9677 0.4839 0.2167 0.4655 0.5156 0.1613 0.1094 0.4844 0.4231 -99999.0000 -99999.0000 -99999.0000 -99999.0000 -99999.0000 -99999.0000 -99999.0000
-99999.0000 -99999.0000 -99999.0000 -99999.0000 -99999.0000 -99999.0000 -99999.0000 0.7647 1.0000 1.0000 1.0000 1.0000 0.7576 0.0000 0.8125 0.8462 1.0000 1.0000 1.0000 1.0000 0.9984 0.9891 1.0000 1.0000 1.0000 1.0000 1.0000 1.0000 1.0000 1.0000 1.0000 1.0000 1.0000 1.0000 1.0000 1.0000 1.0000 1.0000 1.0000 1.0000 1.0000 1.0000 1.0000 1.0000 1.0000 1.0000 1.0000 0.7188 0.4194 0.4286 0.0862 0.0172 0.2414 0.4038 0.6458 0.7600 1.0000 -99999.0000 -99999.0000 -99999.0000 -99999.0000 -99999.0000 -99999.0000
-99999.0000 -99999.0000 -99999.0000 -99999.0000 -99999.0000 -99999.0000 -99999.0000 0.8462 1.0000 1.0000 1.0000 1.0000 1.0000 0.9057 0.9844 1.0000 1.0000 1.0000 1.0000 1.0000 1.0000 1.0000 1.0000 1.0000 1.0000 1.0000 1.0000 1.0000 1.0000 1.0000 1.0000 1.0000 1.0000 1.0000 1.0000 1.0000 1.0000 1.0000 1.0000 1.0000 1.0000 1.0000 1.0000 1.0000 1.0000 0.9355 1.0000 1.0000 0.5625 0.1613 0.2500 0.3226 0.2742 0.5645 0.5312 0.3333 0.0000 -99999.0000 -99999.0000 -99999.0000 -99999.0000 -99999.0000 -99999.0000
-99999.0000 -99999.0000 -99999.0000 -99999.0000 -99999.0000 0.3333 0.5833 0.8788 1.0000 1.0000 1.0000 1.0000 1.0000 1.0000 1.0000 1.0000 1.0000 1.0000 1.0000 1.0000 1.0000 1.0000 1.0000 1.0000 1.0000 1.0000 1.0000 1.0000 1.0000 1.0000 1.0000 1.0000 1.0000 1.0000 1.0000 1.0000 1.0000 1.0000 1.0000 1.0000 1.0000 1.0000 1.0000 1.0000 1.0000 0.8750 0.9667 0.8750 0.4000 0.3438 0.2812 0.6613 0.8125 0.3750 0.2097 0.5000 0.4000 -99999.0000 -99999.0000 -99999.0000 -99999.0000 -99999.0000 -99999.0000
-99999.0000 -99999.0000 -99999.0000 -99999.0000 0.6000 0.8909 1.0000 1.0000 1.0000 1.0000 1.0000 1.0000 1.0000 1.0000 1.0000 1.0000 1.0000 1.0000 1.0000 1.0000 1.0000 1.0000 1.0000 1.0000 1.0000 1.0000 1.0000 1.0000 1.0000 1.0000 1.0000 1.0000 1.0000 1.0000 1.0000 1.0000 1.0000 1.0000 1.0000 1.0000 1.0000 1.0000 1.0000 1.0000 0.8814 0.8438 0.6552 0.5556 0.5263 0.6111 0.5968 0.5741 0.3729 0.3175 0.4839 0.3594 0.2439 0.0000 -99999.0000 -99999.0000 -99999.0000 -99999.0000 -99999.0000
-99999.0000 -99999.0000 -99999.0000 -99999.0000 1.0000 1.0000 1.0000 1.0000 1.0000 1.0000 1.0000 1.0000 1.0000 1.0000 1.0000 1.0000 1.0000 1.0000 1.0000 1.0000 1.0000 1.0000 1.0000 1.0000 1.0000 1.0000 1.0000 1.0000 1.0000 1.0000 1.0000 1.0000 1.0000 1.0000 1.0000 1.0000 1.0000 1.0000 -99999.0000 1.0000 1.0000 1.0000 1.0000 1.0000 0.9492 0.8000 0.3261 0.7368 0.5833 0.8644 0.3750 0.4754 0.5556 0.6500 0.1800 0.6167 0.4375 0.2500 -99999.0000 -99999.0000 -99999.0000 -99999.0000 -99999.0000
-99999.0000 -99999.0000 -99999.0000 -99999.0000 1.0000 1.0000 1.0000 1.0000 1.0000 1.0000 1.0000 1.0000 1.0000 1.0000 1.0000 1.0000 1.0000 1.0000 1.0000 1.0000 1.0000 1.0000 1.0000 1.0000 1.0000 1.0000 1.0000 1.0000 1.0000 1.0000 1.0000 1.0000 1.0000 1.0000 1.0000 1.0000 -99999.0000 -99999.0000 -99999.0000 1.0000 1.0000 1.0000 1.0000 1.0000 1.0000 0.7544 0.4516 0.6585 1.0000 0.6364 0.7458 0.6032 0.8214 0.6585 0.6667 0.5593 0.7049 0.9130 0.8400 0.2727 -99999.0000 -99999.0000 -99999.0000
1.0000 0.3333 -99999.0000 0.0000 0.8000 1.0000 1.0000 1.0000 1.0000 1.0000 1.0000 1.0000 1.0000 1.0000 1.0000 1.0000 1.0000 1.0000 1.0000 1.0000 1.0000 1.0000 1.0000 1.0000 1.0000 1.0000 1.0000 1.0000 1.0000 1.0000 1.0000 1.0000 1.0000 1.0000 1.0000 1.0000 1.0000 1.0000 1.0000 1.0000 1.0000 1.0000 1.0000 0.8182 0.9000 0.9365 0.8500 0.7429 1.0000 0.1667 0.7321 0.5079 0.8033 0.8750 0.9000 0.9216 1.0000 0.9672 0.7273 0.3684 -99999.0000 -99999.0000 -99999.0000
1.0000 0.9556 0.7222 0.8627 0.9792 1.0000 1.0000 1.0000 1.0000 1.0000 1.0000 1.0000 1.0000 1.0000 1.0000 1.0000 1.0000 1.0000 1.0000 1.0000 1.0000 1.0000 1.0000 1.0000 1.0000 1.0000 1.0000 1.0000 1.0000 1.0000 1.0000 1.0000 1.0000 1.0000 1.0000 1.0000 1.0000 1.0000 1.0000 1.0000 1.0000 1.0000 1.0000 1.0000 1.0000 0.9787 0.9219 0.7288 0.8947 0.6667 0.8889 0.7931 0.7241 0.7812 0.7188 0.9375 0.8667 0.9677 0.6949 0.6000 -99999.0000 -99999.0000 -99999.0000
1.0000 1.0000 1.0000 1.0000 1.0000 1.0000 1.0000 1.0000 1.0000 1.0000 1.0000 1.0000 1.0000 1.0000 1.0000 1.0000 1.0000 1.0000 1.0000 1.0000 1.0000 1.0000 1.0000 0.9889 1.0000 1.0000 1.0000 1.0000 1.0000 1.0000 1.0000 1.0000 1.0000 1.0000 1.0000 1.0000 1.0000 1.0000 1.0000 1.0000 1.0000 1.0000 0.9286 1.0000 1.0000 0.8636 0.8070 0.9375 0.5385 0.9111 0.7174 0.6458 0.8000 0.9062 0.8750 0.9062 0.8667 0.9219 0.7656 0.9412 -99999.0000 -99999.0000 -99999.0000
-99999.0000 1.0000 1.0000 1.0000 1.0000 1.0000 1.0000 1.0000 1.0000 1.0000 1.0000 1.0000 1.0000 1.0000 1.0000 1.0000 1.0000 1.0000 1.0000 1.0000 1.0000 1.0000 1.0000 0.9926 1.0000 1.0000 1.0000 1.0000 1.0000 1.0000 1.0000 1.0000 1.0000 0.9943 0.9898 0.9625 0.9967 0.9964 1.0000 1.0000 1.0000 1.0000 1.0000 1.0000 1.0000 0.9286 0.7073 0.8250 0.9672 0.8298 0.7660 0.8070 0.7619 0.5763 1.0000 1.0000 0.8438 0.9531 0.9375 0.9839 1.0000 -99999.0000 -99999.0000
-99999.0000 -99999.0000 -99999.0000 0.8947 1.0000 1.0000 1.0000 1.0000 1.0000 1.0000 1.0000 1.0000 1.0000 1.0000 -99999.0000 1.0000 1.0000 1.0000 1.0000 1.0000 1.0000 1.0000 1.0000 0.9968 0.9982 0.9925 0.9983 1.0000 1.0000 1.0000 1.0000 1.0000 1.0000 0.9952 0.9823 0.9554 0.9700 0.9966 1.0000 1.0000 1.0000 1.0000 1.0000 1.0000 1.0000 0.8889 0.7955 0.8438 0.8281 0.8548 0.8929 0.7419 0.6667 0.7500 0.8491 0.9032 0.9375 0.9375 0.9219 0.8980 1.0000 -99999.0000 -99999.0000
-99999.0000 -99999.0000 -99999.0000 1.0000 1.0000 1.0000 1.0000 1.0000 1.0000 1.0000 1.0000 1.0000 -99999.0000 -99999.0000 1.0000 1.0000 1.0000 1.0000 1.0000 0.9882 1.0000 1.0000 1.0000 0.9854 0.9812 0.9290 0.9453 0.9563 0.9812 1.0000 1.0000 1.0000 0.9967 0.9679 0.9750 0.9516 0.9466 1.0000 1.0000 1.0000 1.0000 1.0000 1.0000 1.0000 1.0000 1.0000 0.7885 0.6032 0.6094 0.7344 0.8594 0.8906 1.0000 0.5918 0.7812 0.8667 0.9375 1.0000 1.0000 1.0000 1.0000 0.0000 -99999.0000
-99999.0000 -99999.0000 -99999.0000 0.6923 1.0000 1.0000 1.0000 1.0000 1.0000 1.0000 0.9245 1.0000 1.0000 -99999.0000 1.0000 1.0000 1.0000 1.0000 1.0000 0.9714 1.0000 0.9792 0.9966 1.0000 0.9984 0.9733 0.9483 0.9610 0.9774 1.0000 1.0000 0.9984 0.9933 0.9563 0.9845 0.9767 0.9404 0.9758 1.0000 1.0000 1.0000 1.0000 1.0000 1.0000 1.0000 1.0000 0.9000 1.0000 0.9688 0.6719 0.6774 0.7258 0.7818 0.8909 0.9667 1.0000 1.0000 1.0000 1.0000 1.0000 0.6889 0.3438 0.0000
-99999.0000 -99999.0000 -99999.0000 -99999.0000 -99999.0000 -99999.0000 1.0000 1.0000 1.0000 0.9200 0.9512 1.0000 1.0000 1.0000 1.0000 1.0000 1.0000 1.0000 1.0000 1.0000 1.0000 1.0000 1.0000 1.0000 1.0000 1.0000 1.0000 1.0000 1.0000 1.0000 1.0000 0.9893 0.9563 0.9969 1.0000 1.0000 0.9918 0.9984 1.0000 1.0000 1.0000 0.9917 1.0000 1.0000 1.0000 1.0000 1.0000 1.0000 1.0000 0.9423 0.7500 1.0000 1.0000 1.0000 1.0000 1.0000 0.9167 1.0000 1.0000 1.0000 0.7667 0.8167 0.8511
-99999.0000 -99999.0000 -99999.0000 -99999.0000 -99999.0000 -99999.0000 1.0000 1.0000 1.0000 -99999.0000 1.0000 1.0000 1.0000 1.0000 1.0000 1.0000 1.0000 1.0000 1.0000 1.0000 1.0000 1.0000 1.0000 1.0000 1.0000 1.0000 1.0000 1.0000 1.0000 1.0000 1.0000 0.9893 0.9815 0.9804 0.9960 1.0000 1.0000 1.0000 1.0000 1.0000 1.0000 0.9968 1.0000 1.0000 1.0000 1.0000 1.0000 1.0000 1.0000 1.0000 1.0000 1.0000 1.0000 1.0000 0.9688 0.9688 1.0000 1.0000 1.0000 1.0000 1.0000 0.9688 1.0000
-99999.0000 -99999.0000 -99999.0000 -99999.0000 -99999.0000 -99999.0000 -99999.0000 -99999.0000 -99999.0000 -99999.0000 1.0000 0.9934 1.0000 1.0000 1.0000 1.0000 1.0000 1.0000 1.0000 1.0000 1.0000 1.0000 1.0000 1.0000 1.0000 1.0000 1.0000 1.0000 1.0000 1.0000 0.9952 0.9533 0.9737 0.9688 0.9694 1.0000 1.0000 1.0000 1.0000 1.0000 0.9926 0.9968 0.9565 0.9394 1.0000 1.0000 1.0000 1.0000 1.0000 0.8400 1.0000 1.0000 1.0000 1.0000 1.0000 1.0000 1.0000 1.0000 1.0000 1.0000 1.0000 1.0000 1.0000
-99999.0000 -99999.0000 -99999.0000 -99999.0000 -99999.0000 -99999.0000 -99999.0000 -99999.0000 -99999.0000 -99999.0000 1.0000 1.0000 1.0000 1.0000 1.0000 1.0000 1.0000 1.0000 1.0000 1.0000 1.0000 1.0000 1.0000 1.0000 1.0000 1.0000 1.0000 1.0000 1.0000 1.0000 0.9821 0.9656 0.9623 0.9875 0.9984 1.0000 1.0000 1.0000 1.0000 1.0000 1.0000 1.0000 0.9412 0.9412 0.7267 0.9840 1.0000 0.8710 0.9922 0.8889 0.9429 0.7647 1.0000 1.0000 1.0000 1.0000 1.0000 1.0000 1.0000 1.0000 1.0000 1.0000 1.0000
