data01/Elevation.asc
NCOLS 73
NROWS 78
XLLCORNER 114.8409628900
YLLCORNER 27.1302345400
CELLSIZE 0.100000
NODATA_VALUE -99999.0000
[rows 28 to 55 of 78, columns 0 to 62 of 73]
-99999.0000 -99999.0000 -99999.0000 -99999.0000 -99999.0000 -99999.0000 -99999.0000 -99999.0000 -99999.0000 -99999.0000 0.8000 1.0000 1.0000 1.0000 1.0000 1.0000 1.0000 1.0000 1.0000 1.0000 1.0000 1.0000 1.0000 1.0000 1.0000 1.0000 1.0000 1.0000 1.0000 1.0000 0.9981 0.9828 0.9734 1.0000 1.0000 0.9962 0.9821 0.9488 1.0000 0.9000 0.9143 0.9893 0.9654 0.9795 0.9793 0.9934 1.0000 1.0000 1.0000 1.0000 0.8710 0.9200 0.9661 0.8413 0.9455 0.9811 1.0000 0.8857 1.0000 1.0000 1.0000 1.0000 1.0000
-99999.0000 -99999.0000 -99999.0000 -99999.0000 -99999.0000 -99999.0000 -99999.0000 -99999.0000 -99999.0000 -99999.0000 0.8750 1.0000 1.0000 1.0000 1.0000 1.0000 1.0000 1.0000 1.0000 1.0000 1.0000 1.0000 1.0000 1.0000 1.0000 1.0000 1.0000 1.0000 1.0000 1.0000 1.0000 0.9937 1.0000 1.0000 1.0000 0.9967 1.0000 1.0000 1.0000 1.0000 0.9800 0.9700 1.0000 1.0000 1.0000 1.0000 1.0000 1.0000 1.0000 1.0000 0.9365 0.4815 0.8462 0.9070 0.3077 0.4615 0.9024 0.8519 1.0000 1.0000 1.0000 1.0000 1.0000
-99999.0000 -99999.0000 -99999.0000 -99999.0000 -99999.0000 -99999.0000 -99999.0000 -99999.0000 -99999.0000 -99999.0000 1.0000 1.0000 1.0000 1.0000 1.0000 1.0000 1.0000 1.0000 1.0000 1.0000 1.0000 1.0000 1.0000 0.9900 1.0000 1.0000 1.0000 1.0000 0.9719 0.9914 0.9781 0.9984 0.9984 0.9951 0.9873 1.0000 1.0000 1.0000 0.9967 0.9958 1.0000 1.0000 1.0000 1.0000 1.0000 1.0000 1.0000 1.0000 1.0000 1.0000 1.0000 1.0000 1.0000 1.0000 1.0000 0.8667 1.0000 1.0000 0.9259 0.8824 1.0000 1.0000 1.0000
-99999.0000 -99999.0000 -99999.0000 -99999.0000 -99999.0000 -99999.0000 -99999.0000 0.3400 0.6500 0.6344 0.9229 0.9900 1.0000 1.0000 1.0000 1.0000 1.0000 1.0000 1.0000 1.0000 1.0000 1.0000 1.0000 0.9957 1.0000 1.0000 1.0000 0.9750 0.9966 0.9914 0.9703 0.9900 0.9917 0.9850 1.0000 1.0000 1.0000 0.9968 0.9933 1.0000 1.0000 1.0000 1.0000 1.0000 0.9933 0.9661 0.9592 1.0000 1.0000 1.0000 1.0000 -99999.0000 1.0000 1.0000 0.9512 0.8065 0.8519 0.9556 1.0000 0.8947 0.3333 0.9231 0.9333
-99999.0000 -99999.0000 -99999.0000 -99999.0000 -99999.0000 -99999.0000 0.7143 0.6491 0.7891 0.7825 0.9176 0.8919 0.9516 0.9922 1.0000 1.0000 1.0000 1.0000 1.0000 0.9937 1.0000 1.0000 1.0000 1.0000 1.0000 1.0000 1.0000 1.0000 1.0000 1.0000 0.9863 0.9906 0.9804 0.9967 1.0000 1.0000 1.0000 0.9645 0.9812 0.9922 0.9969 0.9982 0.9957 0.9933 0.9567 0.9649 1.0000 1.0000 1.0000 1.0000 1.0000 1.0000 1.0000 1.0000 0.9375 0.9767 0.9783 0.9231 0.9259 1.0000 1.0000 0.9841 0.9362
-99999.0000 -99999.0000 -99999.0000 -99999.0000 -99999.0000 0.5429 0.7169 0.8484 0.8746 0.8705 0.8136 0.8784 0.8854 0.9484 0.9672 0.9922 0.9984 1.0000 1.0000 1.0000 1.0000 1.0000 1.0000 1.0000 1.0000 1.0000 1.0000 1.0000 -99999.0000 0.9697 1.0000 0.9783 0.9694 1.0000 1.0000 1.0000 1.0000 0.9667 1.0000 0.9790 0.9964 0.9927 0.9800 1.0000 0.9967 0.9630 1.0000 1.0000 1.0000 1.0000 1.0000 1.0000 1.0000 1.0000 1.0000 0.8000 0.9688 0.9512 0.8462 1.0000 1.0000 1.0000 1.0000
-99999.0000 -99999.0000 -99999.0000 -99999.0000 -99999.0000 0.5816 0.8281 0.8625 0.8780 0.8655 0.7969 0.8604 0.8678 0.8641 0.9328 0.9641 0.9417 0.9717 1.0000 1.0000 1.0000 1.0000 1.0000 1.0000 1.0000 1.0000 1.0000 1.0000 0.9737 0.9222 0.9839 0.9862 0.9966 1.0000 1.0000 1.0000 0.9926 0.9937 1.0000 1.0000 1.0000 1.0000 0.9969 0.9969 1.0000 1.0000 1.0000 0.9429 1.0000 1.0000 1.0000 1.0000 0.8091 1.0000 1.0000 1.0000 0.9512 0.8000 1.0000 0.0000 1.0000 1.0000 1.0000
-99999.0000 -99999.0000 -99999.0000 -99999.0000 -99999.0000 0.6543 0.7556 0.8406 0.7339 0.7047 0.7719 0.7625 0.7594 0.8938 0.9231 0.9435 0.9156 0.9187 0.9742 0.9937 0.9968 1.0000 1.0000 1.0000 1.0000 1.0000 1.0000 1.0000 1.0000 0.9984 0.9339 1.0000 1.0000 1.0000 1.0000 1.0000 1.0000 0.9375 0.9273 1.0000 1.0000 1.0000 1.0000 1.0000 1.0000 0.9810 1.0000 0.9661 0.8196 0.9952 1.0000 1.0000 1.0000 1.0000 0.6667 0.6429 0.9130 0.0000 0.7143 1.0000 0.8974 1.0000 1.0000
-99999.0000 -99999.0000 -99999.0000 -99999.0000 -99999.0000 -99999.0000 0.7816 0.7930 0.5818 0.5694 0.6902 0.7484 0.6873 0.8340 0.8133 0.8508 0.8313 0.8969 0.9680 0.9841 0.9290 0.9109 0.9234 0.9933 0.9900 0.9859 1.0000 0.9859 0.9984 1.0000 1.0000 1.0000 1.0000 1.0000 1.0000 0.8919 1.0000 1.0000 1.0000 1.0000 1.0000 1.0000 1.0000 1.0000 0.9984 0.9865 0.9927 0.9963 0.9667 0.9489 0.8400 -99999.0000 -99999.0000 -99999.0000 1.0000 0.8902 0.9952 1.0000 1.0000 0.8519 0.7037 1.0000 1.0000
-99999.0000 -99999.0000 -99999.0000 -99999.0000 -99999.0000 -99999.0000 0.8000 0.7600 -99999.0000 0.5000 0.6900 0.7531 0.7424 0.6667 0.6852 0.7544 0.7984 0.8547 0.8719 0.8844 0.8355 0.9312 0.9726 1.0000 0.9981 0.9977 1.0000 0.9922 0.9984 1.0000 1.0000 1.0000 0.9913 1.0000 0.9968 1.0000 1.0000 1.0000 1.0000 0.9966 0.9872 1.0000 1.0000 1.0000 0.9948 0.9594 0.9180 0.9327 0.9096 0.9175 0.8814 -99999.0000 -99999.0000 -99999.0000 1.0000 0.8429 0.9211 1.0000 1.0000 1.0000 1.0000 1.0000 1.0000
-99999.0000 -99999.0000 -99999.0000 -99999.0000 -99999.0000 -99999.0000 -99999.0000 -99999.0000 -99999.0000 0.4000 0.6526 0.7000 0.6188 0.4313 0.6500 0.6469 0.6328 0.6859 0.7297 0.7984 0.8567 0.9800 1.0000 0.9937 1.0000 0.9839 0.9578 0.9952 1.0000 1.0000 1.0000 1.0000 0.9690 0.9804 0.9702 1.0000 1.0000 1.0000 1.0000 1.0000 1.0000 1.0000 1.0000 1.0000 0.9906 0.9565 0.9387 0.9258 0.9482 0.9161 0.9909 1.0000 -99999.0000 0.9000 0.9647 0.9375 0.8333 0.8857 1.0000 0.6667 1.0000 0.8919 1.0000
-99999.0000 -99999.0000 -99999.0000 -99999.0000 -99999.0000 -99999.0000 -99999.0000 -99999.0000 -99999.0000 -99999.0000 -99999.0000 0.4083 0.3967 0.6047 0.5450 0.5150 0.6141 0.7828 0.7875 0.8386 0.9821 1.0000 1.0000 1.0000 1.0000 0.9710 0.8968 0.9448 1.0000 1.0000 1.0000 0.9922 0.9707 0.9609 0.9946 1.0000 1.0000 1.0000 0.9849 1.0000 0.9906 0.9964 1.0000 1.0000 0.9937 1.0000 1.0000 0.9590 0.8868 0.9734 1.0000 0.9824 0.9875 0.3333 0.3333 1.0000 0.9130 0.9167 0.9474 0.9091 0.9091 1.0000 1.0000
-99999.0000 -99999.0000 -99999.0000 -99999.0000 -99999.0000 -99999.0000 -99999.0000 -99999.0000 -99999.0000 -99999.0000 0.5645 0.6738 0.5312 0.7138 0.7130 0.6963 0.6938 0.8297 0.9000 0.9905 1.0000 1.0000 1.0000 0.9964 0.9891 0.9724 0.9918 0.9909 1.0000 0.9459 0.9852 0.9297 0.9078 0.9609 1.0000 1.0000 1.0000 1.0000 1.0000 1.0000 0.9984 0.9437 0.9589 0.9714 0.9797 0.9933 1.0000 1.0000 0.9939 0.9969 1.0000 0.9833 0.9542 0.8542 0.8333 1.0000 1.0000 1.0000 1.0000 0.9259 1.0000 1.0000 1.0000
-99999.0000 -99999.0000 -99999.0000 -99999.0000 -99999.0000 -99999.0000 -99999.0000 -99999.0000 -99999.0000 0.3545 0.7780 0.8125 0.6375 0.7875 0.7500 0.7242 0.7516 0.8766 0.9953 1.0000 1.0000 1.0000 1.0000 0.9667 0.9797 1.0000 1.0000 1.0000 1.0000 0.9538 0.9441 0.9500 0.9844 0.9766 0.9850 0.9717 0.9968 0.9859 0.9594 0.9781 0.9969 0.9359 0.8859 0.9531 0.9234 0.8984 0.8898 0.9850 0.9355 0.9828 0.9469 0.9641 0.9356 0.9318 1.0000 1.0000 1.0000 1.0000 1.0000 1.0000 1.0000 1.0000 1.0000
-99999.0000 -99999.0000 -99999.0000 -99999.0000 -99999.0000 -99999.0000 -99999.0000 -99999.0000 -99999.0000 0.7553 0.8547 0.8375 0.7141 0.7359 0.8203 0.8833 0.8683 0.9913 1.0000 0.9966 0.9864 0.9754 0.9408 0.9905 1.0000 1.0000 1.0000 1.0000 1.0000 0.9750 0.9937 0.9797 0.9517 0.9297 0.9016 0.9250 0.9500 0.8609 0.8656 0.8578 0.9367 0.9534 0.9062 0.9062 0.8750 0.8250 0.8833 0.9672 0.9840 0.9125 0.8800 0.9700 0.9939 1.0000 1.0000 1.0000 1.0000 1.0000 1.0000 1.0000 1.0000 1.0000 1.0000
-99999.0000 -99999.0000 -99999.0000 -99999.0000 -99999.0000 -99999.0000 -99999.0000 -99999.0000 -99999.0000 0.7333 0.8638 0.8641 0.8704 0.8389 0.8113 0.8656 0.9922 1.0000 0.9984 0.9547 0.9613 0.9718 0.9450 1.0000 1.0000 0.9939 0.9741 0.8891 0.9422 0.9279 0.9561 0.8613 0.8633 0.9250 0.9641 0.8969 0.8594 0.8047 0.7437 0.7766 0.8712 0.9522 0.9078 0.8516 0.8516 0.8849 0.9347 0.9766 0.9140 0.8547 0.9281 0.9829 1.0000 1.0000 1.0000 1.0000 1.0000 1.0000 1.0000 1.0000 1.0000 1.0000 1.0000
-99999.0000 -99999.0000 -99999.0000 -99999.0000 -99999.0000 -99999.0000 -99999.0000 -99999.0000 -99999.0000 -99999.0000 0.7769 0.8469 0.8250 0.9000 0.8870 0.9906 1.0000 1.0000 0.9891 0.9790 0.9953 1.0000 1.0000 1.0000 0.9875 0.9881 0.9474 0.9075 0.8844 0.7596 0.8217 0.8281 0.8859 0.9125 0.8656 0.8172 0.8578 0.7156 0.8234 0.8840 0.8828 0.8750 0.9109 0.8625 0.8133 0.7636 0.7311 0.7453 0.8468 0.9016 0.9390 0.9721 0.9981 1.0000 1.0000 1.0000 1.0000 1.0000 1.0000 1.0000 1.0000 1.0000 -99999.0000
-99999.0000 -99999.0000 -99999.0000 -99999.0000 -99999.0000 -99999.0000 -99999.0000 -99999.0000 -99999.0000 -99999.0000 0.7700 0.7950 0.7891 0.9203 0.9964 0.9906 0.9875 1.0000 1.0000 1.0000 1.0000 1.0000 0.9818 0.9739 0.9758 0.9344 0.8894 0.7000 0.8000 0.8000 0.8597 0.8778 0.8652 0.8328 0.7953 0.8562 0.8484 0.7719 0.8250 0.8891 0.7937 0.7500 0.8250 0.8172 0.8250 0.6282 0.5633 0.6703 0.7656 0.9187 0.9845 0.9840 0.9976 0.9922 1.0000 1.0000 1.0000 1.0000 0.9032 0.8966 0.8485 1.0000 0.0000
-99999.0000 -99999.0000 -99999.0000 -99999.0000 -99999.0000 -99999.0000 -99999.0000 -99999.0000 -99999.0000 -99999.0000 0.6667 0.9154 0.9817 0.9969 1.0000 0.9927 0.9968 1.0000 1.0000 1.0000 1.0000 1.0000 0.9811 0.9387 0.9047 0.9127 0.8095 0.7702 0.7196 0.7705 0.8484 0.8567 0.8173 0.8732 0.8313 0.8313 0.8172 0.8094 0.7710 0.7935 0.6656 0.6444 0.5806 0.6672 0.7844 0.8270 0.8667 0.8797 0.9255 0.9764 0.9961 1.0000 0.9600 1.0000 1.0000 1.0000 1.0000 1.0000 0.2500 0.1429 0.0000 0.0909 1.0000
-99999.0000 -99999.0000 -99999.0000 -99999.0000 -99999.0000 -99999.0000 -99999.0000 -99999.0000 -99999.0000 -99999.0000 -99999.0000 1.0000 0.9837 0.9871 1.0000 1.0000 1.0000 1.0000 1.0000 1.0000 1.0000 0.9848 0.9328 0.9516 0.8922 0.8238 0.9095 0.8625 0.7767 0.8547 0.8391 0.8219 0.7719 0.6828 0.8281 0.7312 0.8031 0.7483 0.7968 0.7127 0.5660 0.5797 0.7688 0.8797 0.8828 0.9109 0.8483 0.8948 0.9143 0.9153 0.9286 0.9429 0.9522 1.0000 1.0000 1.0000 1.0000 1.0000 0.8947 0.7143 0.7600 0.7736 1.0000
-99999.0000 -99999.0000 -99999.0000 -99999.0000 -99999.0000 -99999.0000 -99999.0000 -99999.0000 -99999.0000 -99999.0000 -99999.0000 -99999.0000 1.0000 1.0000 1.0000 1.0000 1.0000 1.0000 1.0000 0.9882 0.9750 0.9078 0.8952 0.8969 0.7766 0.8182 0.8286 0.8475 0.8187 0.8281 0.7793 0.6734 0.6000 0.6217 0.6641 0.7063 0.8210 0.8417 0.8266 0.6378 0.6938 0.7460 0.8000 0.8703 0.8167 0.8952 0.8797 0.8781 0.8875 0.9141 0.9653 0.9297 0.9710 0.9932 0.9559 0.9825 1.0000 1.0000 1.0000 0.9915 1.0000 1.0000 1.0000
-99999.0000 -99999.0000 -99999.0000 -99999.0000 -99999.0000 -99999.0000 -99999.0000 -99999.0000 -99999.0000 -99999.0000 -99999.0000 -99999.0000 1.0000 1.0000 1.0000 1.0000 1.0000 1.0000 -99999.0000 0.9455 0.8702 0.9183 0.8891 0.7766 0.6703 0.7344 0.8321 0.7869 0.7531 0.7703 0.7419 0.7734 0.7533 0.7661 0.8031 0.8656 0.8919 0.8391 0.8406 0.7625 0.6286 0.6317 0.7703 0.7641 0.7922 0.9077 0.8935 0.8767 0.9594 0.9286 0.9604 0.9143 0.8219 0.9667 0.9804 0.9262 0.9922 1.0000 0.9984 0.9755 0.9843 0.9932 0.9325
-99999.0000 -99999.0000 -99999.0000 -99999.0000 -99999.0000 -99999.0000 -99999.0000 -99999.0000 -99999.0000 -99999.0000 -99999.0000 -99999.0000 1.0000 1.0000 1.0000 1.0000 1.0000 1.0000 -99999.0000 0.9000 0.7863 0.9033 0.8347 0.7500 0.8640 0.8763 0.8719 0.8547 0.8850 0.8797 0.8641 0.8516 0.8016 0.7806 0.8807 0.8934 0.8906 0.8783 0.8375 0.7188 0.7391 0.7797 0.8203 0.8031 0.8391 0.8922 0.8984 0.9328 0.9067 0.9702 0.9492 0.8187 0.8875 0.9578 0.9643 0.9800 0.9437 0.9550 0.9079 0.9561 0.9719 0.9356 0.8623
-99999.0000 -99999.0000 -99999.0000 -99999.0000 -99999.0000 -99999.0000 -99999.0000 -99999.0000 -99999.0000 -99999.0000 -99999.0000 -99999.0000 -99999.0000 1.0000 1.0000 -99999.0000 -99999.0000 -99999.0000 0.8615 0.9553 0.9391 0.8797 0.8738 -99999.0000 -99999.0000 0.7769 0.8714 0.9000 0.8781 0.8156 0.8781 0.8638 0.8900 0.8937 0.9000 0.8983 0.8797 0.8203 0.8262 0.8491 0.7234 0.7281 0.8358 0.8574 0.8187 0.7500 0.7683 0.9067 0.9372 0.8531 0.7891 0.8219 0.8594 0.9622 0.8957 0.9755 0.8828 0.8719 0.9073 0.9689 0.9781 0.8469 0.7633
-99999.0000 -99999.0000 -99999.0000 -99999.0000 -99999.0000 -99999.0000 -99999.0000 -99999.0000 -99999.0000 -99999.0000 -99999.0000 -99999.0000 -99999.0000 -99999.0000 -99999.0000 -99999.0000 -99999.0000 -99999.0000 0.8920 0.9781 0.9393 0.8778 0.8636 -99999.0000 -99999.0000 -99999.0000 0.9129 0.8833 0.8286 0.7846 0.8237 0.8625 0.8891 0.8966 0.9000 0.8825 0.7484 0.6953 0.8000 0.8000 0.7917 0.7870 0.8800 0.8508 0.7790 0.7645 0.8762 0.9536 0.7915 0.7031 0.7984 0.8469 0.9268 0.9800 0.9816 0.9109 0.8266 0.8266 0.8359 0.8917 0.9234 0.7422 0.7312
-99999.0000 -99999.0000 -99999.0000 -99999.0000 -99999.0000 -99999.0000 -99999.0000 -99999.0000 -99999.0000 -99999.0000 -99999.0000 -99999.0000 -99999.0000 -99999.0000 -99999.0000 -99999.0000 -99999.0000 -99999.0000 0.9905 0.9941 0.9385 -99999.0000 -99999.0000 -99999.0000 -99999.0000 -99999.0000 -99999.0000 -99999.0000 -99999.0000 -99999.0000 0.6667 0.7400 0.7702 0.8609 0.8094 0.6938 0.6266 0.7828 0.8234 0.8365 0.8636 0.9400 0.8556 0.8333 0.8317 0.8797 0.9125 0.8813 0.7317 0.7484 0.8359 0.8469 0.9089 0.9563 0.9613 0.9056 0.7406 0.8234 0.9847 0.9556 0.9755 0.9094 0.8081
-99999.0000 -99999.0000 -99999.0000 -99999.0000 -99999.0000 -99999.0000 -99999.0000 -99999.0000 -99999.0000 -99999.0000 -99999.0000 -99999.0000 -99999.0000 -99999.0000 -99999.0000 -99999.0000 -99999.0000 -99999.0000 -99999.0000 -99999.0000 -99999.0000 -99999.0000 -99999.0000 -99999.0000 -99999.0000 -99999.0000 -99999.0000 -99999.0000 -99999.0000 -99999.0000 -99999.0000 -99999.0000 0.7500 0.7403 0.6677 0.6813 0.7719 0.8778 0.8694 0.8900 0.9071 0.8542 0.8595 0.8317 0.9000 0.9032 0.9484 0.8547 0.7484 0.7911 0.8615 0.9426 0.9563 0.8453 0.8200 0.8107 0.6891 0.9065 0.9525 0.9310 0.9070 0.9117 0.8625
-99999.0000 -99999.0000 -99999.0000 -99999.0000 -99999.0000 -99999.0000 -99999.0000 -99999.0000 -99999.0000 -99999.0000 -99999.0000 -99999.0000 -99999.0000 -99999.0000 -99999.0000 -99999.0000 -99999.0000 -99999.0000 -99999.0000 -99999.0000 -99999.0000 -99999.0000 -99999.0000 -99999.0000 -99999.0000 -99999.0000 -99999.0000 -99999.0000 -99999.0000 -99999.0000 -99999.0000 -99999.0000 0.7000 0.6657 0.7482 0.7790 0.8533 0.8762 0.8667 0.8526 0.7609 0.7609 0.8129 0.9107 0.8531 0.8547 0.9266 0.9000 0.8703 0.8806 0.8476 0.9067 0.9612 0.8638 0.8047 0.8177 0.8406 0.8300 0.7875 0.8953 0.8328 0.7920 0.8048
