data01/Energydemand.asc
NCOLS 73
NROWS 78
XLLCORNER 114.8409628900
YLLCORNER 27.1302345400
CELLSIZE 0.100000
NODATA_VALUE -99999.0000
[rows 0 to 27 of 78, columns 0 to 62 of 73]
-99999.0000 -99999.0000 -99999.0000 -99999.0000 -99999.0000 -99999.0000 -99999.0000 -99999.0000 -99999.0000 -99999.0000 -99999.0000 -99999.0000 -99999.0000 -99999.0000 -99999.0000 0.3000 0.3000 0.3000 0.3295 0.5000 0.5000 0.5000 -99999.0000 -99999.0000 -99999.0000 -99999.0000 -99999.0000 -99999.0000 -99999.0000 -99999.0000 -99999.0000 -99999.0000 -99999.0000 -99999.0000 -99999.0000 -99999.0000 -99999.0000 -99999.0000 -99999.0000 0.5000 0.5000 0.5000 0.5000 0.5000 -99999.0000 -99999.0000 -99999.0000 -99999.0000 -99999.0000 -99999.0000 -99999.0000 -99999.0000 -99999.0000 -99999.0000 -99999.0000 -99999.0000 -99999.0000 -99999.0000 -99999.0000 -99999.0000 -99999.0000 -99999.0000 -99999.0000
-99999.0000 -99999.0000 -99999.0000 -99999.0000 -99999.0000 -99999.0000 -99999.0000 -99999.0000 -99999.0000 -99999.0000 -99999.0000 -99999.0000 -99999.0000 -99999.0000 -99999.0000 0.3000 0.3000 0.3000 0.3800 0.5000 0.5000 0.5000 0.5000 -99999.0000 -99999.0000 -99999.0000 -99999.0000 -99999.0000 -99999.0000 -99999.0000 -99999.0000 -99999.0000 -99999.0000 -99999.0000 -99999.0000 -99999.0000 -99999.0000 -99999.0000 0.1000 0.1941 0.4321 0.5000 0.5000 0.5000 0.5000 0.5000 -99999.0000 -99999.0000 -99999.0000 -99999.0000 -99999.0000 -99999.0000 -99999.0000 -99999.0000 -99999.0000 -99999.0000 -99999.0000 -99999.0000 -99999.0000 -99999.0000 -99999.0000 -99999.0000 -99999.0000
-99999.0000 -99999.0000 -99999.0000 -99999.0000 -99999.0000 -99999.0000 -99999.0000 -99999.0000 -99999.0000 -99999.0000 -99999.0000 -99999.0000 -99999.0000 -99999.0000 -99999.0000 0.2727 0.3000 0.3000 0.3464 0.4844 0.5000 0.5000 0.4167 -99999.0000 -99999.0000 -99999.0000 -99999.0000 -99999.0000 -99999.0000 0.3000 0.3000 0.3000 0.3000 -99999.0000 -99999.0000 -99999.0000 0.1000 0.1000 0.1000 0.1000 0.1194 0.3187 0.5000 0.5000 0.5000 0.5000 0.4444 0.0000 -99999.0000 -99999.0000 -99999.0000 -99999.0000 -99999.0000 -99999.0000 -99999.0000 -99999.0000 -99999.0000 -99999.0000 -99999.0000 -99999.0000 -99999.0000 -99999.0000 -99999.0000
-99999.0000 -99999.0000 -99999.0000 -99999.0000 -99999.0000 -99999.0000 -99999.0000 -99999.0000 -99999.0000 -99999.0000 -99999.0000 -99999.0000 -99999.0000 0.1000 0.0905 0.1032 0.2000 0.2969 0.3000 0.4031 0.4969 0.5000 0.4643 0.3000 0.3000 0.3000 -99999.0000 -99999.0000 0.3000 0.3000 0.3000 0.3000 0.3000 0.3000 -99999.0000 0.1000 0.1000 0.1000 0.1000 0.1000 0.1000 0.3067 0.3320 0.5000 0.5000 0.5000 0.4875 0.4808 -99999.0000 -99999.0000 -99999.0000 -99999.0000 -99999.0000 -99999.0000 -99999.0000 -99999.0000 -99999.0000 -99999.0000 -99999.0000 -99999.0000 -99999.0000 -99999.0000 -99999.0000
-99999.0000 -99999.0000 -99999.0000 -99999.0000 -99999.0000 -99999.0000 -99999.0000 -99999.0000 -99999.0000 -99999.0000 -99999.0000 -99999.0000 -99999.0000 0.0909 0.1000 0.1000 0.1000 0.1469 0.2250 0.2719 0.4094 0.3968 0.3098 0.3000 0.3000 0.3000 0.3000 0.3000 0.3000 0.3000 0.3000 0.3000 0.3000 0.3000 -99999.0000 0.1000 0.1094 0.1151 0.1036 0.1000 0.1000 0.1516 0.2562 0.4125 0.3500 0.3476 0.2236 0.2257 0.1000 0.1000 0.1000 -99999.0000 -99999.0000 -99999.0000 -99999.0000 -99999.0000 -99999.0000 -99999.0000 -99999.0000 -99999.0000 -99999.0000 -99999.0000 -99999.0000
-99999.0000 -99999.0000 -99999.0000 -99999.0000 -99999.0000 -99999.0000 -99999.0000 -99999.0000 -99999.0000 -99999.0000 -99999.0000 -99999.0000 -99999.0000 0.1000 0.1000 0.1000 0.1000 0.1000 0.1000 0.1344 0.1750 0.2656 0.3000 0.3000 0.3000 0.3000 0.3000 0.3000 0.3000 0.3000 0.3000 0.3000 0.3000 0.3000 0.3000 0.2842 0.2833 0.2968 0.1739 0.1600 0.2419 0.3250 0.1562 0.1000 0.1000 0.1000 0.1000 0.1187 0.2424 0.1250 0.1000 0.1000 0.1000 -99999.0000 -99999.0000 -99999.0000 -99999.0000 -99999.0000 -99999.0000 -99999.0000 -99999.0000 -99999.0000 -99999.0000
-99999.0000 -99999.0000 -99999.0000 -99999.0000 -99999.0000 -99999.0000 -99999.0000 -99999.0000 -99999.0000 -99999.0000 -99999.0000 -99999.0000 -99999.0000 -99999.0000 0.1000 0.1000 0.1000 0.0932 0.1000 0.1000 0.1000 0.1839 0.3000 0.3000 0.3000 0.3000 0.3000 0.3000 0.3000 0.3000 0.3000 0.3000 0.3000 0.3000 0.3000 0.3000 0.3000 0.4310 0.4918 0.4583 0.5000 0.5000 0.2500 0.1000 0.1000 0.1452 0.2250 0.4385 0.2714 0.1000 0.1000 0.1000 0.1000 0.1000 0.1000 -99999.0000 -99999.0000 -99999.0000 -99999.0000 -99999.0000 -99999.0000 -99999.0000 -99999.0000
-99999.0000 -99999.0000 -99999.0000 -99999.0000 -99999.0000 -99999.0000 -99999.0000 -99999.0000 -99999.0000 -99999.0000 -99999.0000 -99999.0000 -99999.0000 -99999.0000 -99999.0000 -99999.0000 0.1000 0.1000 0.1000 0.1000 0.1000 0.2696 0.2787 0.3000 0.3000 0.3000 0.3000 0.3000 0.3000 0.3000 0.3000 0.3113 0.4200 0.3000 0.3000 0.3000 0.3281 0.4650 0.5000 0.5000 0.5000 0.5000 0.4481 0.3429 0.4319 0.4934 0.4365 0.1333 0.1000 0.1000 0.1000 0.1000 0.1000 0.1000 0.1000 -99999.0000 -99999.0000 -99999.0000 -99999.0000 -99999.0000 -99999.0000 -99999.0000 -99999.0000
-99999.0000 -99999.0000 -99999.0000 -99999.0000 -99999.0000 -99999.0000 -99999.0000 0.1000 0.1000 0.1000 0.1000 -99999.0000 -99999.0000 -99999.0000 -99999.0000 -99999.0000 0.1000 0.1000 0.1000 0.1562 0.2867 0.1203 0.1367 0.2188 0.2032 0.2587 0.2677 0.2934 0.3000 0.3000 0.3000 0.3281 0.4737 -99999.0000 0.4941 0.4733 0.4710 0.5000 0.5000 0.5000 0.5000 0.5000 0.4938 0.3533 0.4415 0.4755 0.4846 0.1163 0.1000 0.1000 0.1000 0.1000 0.1000 0.1000 0.1000 -99999.0000 -99999.0000 -99999.0000 -99999.0000 -99999.0000 -99999.0000 -99999.0000 -99999.0000
-99999.0000 -99999.0000 -99999.0000 -99999.0000 -99999.0000 -99999.0000 -99999.0000 0.1000 0.1000 0.1000 0.1000 0.1000 -99999.0000 -99999.0000 -99999.0000 -99999.0000 -99999.0000 0.4600 0.4448 0.3800 0.5000 0.2143 0.1000 0.1000 0.1000 0.1094 0.1063 0.1562 0.2710 0.3000 0.3000 0.3068 0.4345 0.5000 0.5000 0.5000 0.5000 0.4645 0.4375 0.4097 0.4839 0.4929 0.2079 0.1000 0.1125 0.1467 0.1610 0.1000 0.1000 0.1000 0.1000 0.1000 0.1000 0.1000 0.1000 0.1000 -99999.0000 -99999.0000 -99999.0000 -99999.0000 -99999.0000 -99999.0000 -99999.0000
-99999.0000 -99999.0000 -99999.0000 -99999.0000 -99999.0000 -99999.0000 0.1000 0.1000 0.1000 0.1000 0.1000 0.1000 0.1000 -99999.0000 -99999.0000 0.5000 0.5000 0.5000 0.5000 0.5000 0.5000 0.1875 0.1000 0.1000 0.1000 0.1000 0.1000 0.1000 0.1344 0.2844 0.3000 0.3000 0.3032 0.4587 0.5000 0.5000 0.5000 0.3828 0.3000 0.3000 0.3406 0.2862 0.1032 0.1000 0.1000 0.1000 0.1000 0.1000 0.1000 0.1000 0.1000 0.1000 0.1000 0.1000 0.1000 0.1000 -99999.0000 -99999.0000 -99999.0000 -99999.0000 -99999.0000 -99999.0000 -99999.0000
-99999.0000 -99999.0000 -99999.0000 -99999.0000 -99999.0000 -99999.0000 -99999.0000 0.1000 0.1000 0.1000 0.1000 0.1000 0.1000 0.1000 0.1000 0.2538 0.4938 0.5000 0.5000 0.5000 0.4938 0.1437 0.1000 0.1000 0.1000 0.1000 0.1000 0.1000 0.1156 0.2750 0.2833 0.2781 0.2375 0.4387 0.5000 0.5000 0.4833 0.3349 0.3000 0.3000 0.3000 0.3000 0.1969 0.1154 0.1294 0.1000 0.1000 0.1000 0.1000 0.1000 0.1000 0.1000 0.1000 0.1000 0.1000 0.1000 0.1000 -99999.0000 -99999.0000 -99999.0000 -99999.0000 -99999.0000 -99999.0000
-99999.0000 -99999.0000 -99999.0000 -99999.0000 -99999.0000 -99999.0000 -99999.0000 0.1000 0.1000 0.1000 0.1000 0.1000 0.1000 0.1000 0.1000 0.1000 0.3500 0.5000 0.5000 0.5000 0.3386 0.1000 0.1000 0.1000 0.1000 0.1000 0.1000 0.1000 0.1031 0.1097 0.1103 0.1031 0.1000 0.1194 0.2600 0.3500 0.4527 0.3296 0.3000 0.3000 0.3000 0.3000 0.3000 0.2548 0.2903 0.2290 0.1419 0.1000 0.1000 0.1000 0.1000 0.1000 0.1000 0.1000 0.1000 0.1000 0.1000 -99999.0000 -99999.0000 -99999.0000 -99999.0000 -99999.0000 -99999.0000
-99999.0000 -99999.0000 -99999.0000 -99999.0000 -99999.0000 0.3000 0.3000 0.2697 0.1094 0.1000 0.1000 0.1000 0.1000 0.1000 0.1000 0.1000 0.1625 0.5000 0.5000 0.5000 0.2763 0.1000 0.1000 0.1000 0.1000 0.1000 0.1000 0.1000 0.1000 0.1000 0.1000 0.1000 0.1000 0.1000 0.1000 0.1000 0.1000 0.3000 0.3000 0.3000 0.3000 0.6103 0.7875 0.4304 0.3000 0.3000 0.1600 0.1000 0.1000 0.1000 0.1000 0.1000 0.1000 0.1000 0.1000 0.1000 0.1000 -99999.0000 -99999.0000 -99999.0000 -99999.0000 -99999.0000 -99999.0000
-99999.0000 -99999.0000 -99999.0000 -99999.0000 0.1800 0.2891 0.3000 0.3000 0.2710 0.1839 0.1032 0.1000 0.1000 0.1000 0.1000 0.1000 0.1312 0.3125 0.3500 0.4812 0.3938 0.1065 0.1031 0.1345 0.2063 0.1344 0.1000 0.1000 0.1000 0.1000 0.1000 0.1000 0.1000 0.1000 0.1000 0.1000 0.1000 0.3000 0.3000 0.3000 0.3120 0.8444 0.7528 0.3000 0.3000 0.3000 0.2759 0.1333 0.1000 0.1000 0.1000 0.1000 0.1000 0.1000 0.1000 0.1000 0.1000 0.1000 -99999.0000 -99999.0000 -99999.0000 -99999.0000 -99999.0000
-99999.0000 -99999.0000 -99999.0000 -99999.0000 0.3000 0.3000 0.3000 0.3000 0.3000 0.3000 0.2032 0.1000 0.1000 0.1000 0.1000 0.1000 0.1000 0.1000 0.1000 0.3250 0.4688 0.1345 0.1938 0.3000 0.3000 0.2695 0.1290 0.1094 0.1033 0.1000 0.1125 0.1063 0.1000 0.1000 0.1000 0.1000 0.1000 0.1000 -99999.0000 0.3000 0.4385 0.4875 0.3100 0.3000 0.3000 0.3000 0.3000 0.1842 0.1000 0.1000 0.1000 0.1000 0.1000 0.1000 0.1000 0.1000 0.1000 0.1000 -99999.0000 -99999.0000 -99999.0000 -99999.0000 -99999.0000
-99999.0000 -99999.0000 -99999.0000 -99999.0000 0.3000 0.3000 0.3000 0.3000 0.3000 0.2903 0.2219 0.1000 0.1000 0.1000 0.1000 0.1000 0.1000 0.1000 0.1000 0.2219 0.3313 0.2125 0.2645 0.3000 0.3000 0.3000 0.2969 0.2844 0.2406 0.2000 0.2755 0.1314 0.1000 0.1000 0.1000 0.1000 -99999.0000 -99999.0000 -99999.0000 0.3000 0.3000 0.3000 0.3000 0.3000 0.3000 0.3000 0.3000 0.3000 0.2111 0.1000 0.1000 0.1000 0.1000 0.1000 0.1000 0.1000 0.1000 0.1000 0.1000 0.1000 -99999.0000 -99999.0000 -99999.0000
0.3000 0.3000 -99999.0000 0.3000 0.3000 0.3000 0.3000 0.3000 0.3000 0.2800 0.1133 0.1000 0.1000 0.1000 0.1000 0.1000 0.1000 0.1000 0.1000 0.1688 0.3000 0.3000 0.3000 0.3000 0.3000 0.3000 0.3000 0.3000 0.3000 0.3000 0.3000 0.2174 0.1080 0.1000 0.1000 0.1000 0.2000 0.1381 0.1000 0.3000 0.3000 0.1921 0.1250 0.1364 0.2900 0.3000 0.3000 0.3000 0.4455 0.1667 0.1500 0.2079 0.2508 0.1625 0.1333 0.1000 0.1000 0.1000 0.1000 0.1000 -99999.0000 -99999.0000 -99999.0000
0.3000 0.3000 0.3000 0.3000 0.3000 0.3000 0.3000 0.3000 0.3000 0.2967 0.2313 0.1600 0.1032 0.1000 0.1000 0.1000 0.1000 0.1000 0.1000 0.2625 0.3000 0.3000 0.3000 0.3000 0.3000 0.3000 0.3000 0.3000 0.3000 0.2846 0.3000 0.2763 0.1200 0.1000 0.1000 0.1000 0.1000 0.1000 0.1129 0.1824 0.2040 0.1043 0.1000 0.1000 0.1194 0.3000 0.3000 0.3000 0.4263 0.5000 0.5000 0.5000 0.5000 0.5000 0.3000 0.1000 0.1000 0.1000 0.1000 0.1000 -99999.0000 -99999.0000 -99999.0000
0.3000 0.3000 0.3000 0.3000 0.3000 0.3000 0.3000 0.3000 0.3000 0.3000 0.3000 0.3000 0.2258 0.1156 0.1000 0.1833 0.1813 0.1437 0.1313 0.2640 0.3000 0.3000 0.3000 0.3000 0.3000 0.3000 0.2792 0.2800 0.2292 0.1045 0.1605 0.1536 0.1000 0.1000 0.1000 0.1000 0.1000 0.1000 0.1000 0.1000 0.1000 0.1000 0.1000 0.1000 0.1000 0.3000 0.3000 0.3000 0.4000 0.5000 0.5000 0.5000 0.5000 0.4875 0.3375 0.1000 0.1000 0.1000 0.1000 0.1000 -99999.0000 -99999.0000 -99999.0000
-99999.0000 0.3000 0.3000 0.3000 0.3000 0.3000 0.3000 0.3000 0.3000 0.3000 0.3000 0.3000 0.3000 0.2463 0.1000 0.2684 0.3000 0.3000 0.3000 0.3000 0.3000 0.3000 0.3000 0.3000 0.3000 0.2696 0.2107 0.1043 0.1032 0.1000 0.1000 0.1000 0.1000 0.1000 0.1000 0.1000 0.1000 0.1000 0.1000 0.1000 0.1000 0.1000 0.1000 0.1000 0.1000 0.3000 0.3000 0.3000 0.3230 0.4106 0.5000 0.5000 0.5000 0.3102 0.1308 0.1000 0.1000 0.1000 0.1000 0.1000 0.1000 -99999.0000 -99999.0000
-99999.0000 -99999.0000 -99999.0000 0.3000 0.3000 0.3000 0.3000 0.3000 0.3000 0.3000 0.3000 0.3000 0.3000 0.3000 -99999.0000 0.3000 0.3000 0.3000 0.3000 0.3000 0.3000 0.3000 0.3000 0.2651 0.1214 0.1000 0.1000 0.1000 0.1000 0.1000 0.1000 0.1000 0.1000 0.1000 0.1000 0.1000 0.1000 0.1000 0.1000 0.1000 0.1000 0.1000 0.1000 0.3000 0.3000 0.3000 0.3000 0.3000 0.3031 0.4000 0.5000 0.5000 0.5000 0.3273 0.1000 0.1000 0.1000 0.1000 0.1000 0.1000 0.1000 -99999.0000 -99999.0000
-99999.0000 -99999.0000 -99999.0000 0.3000 0.3000 0.3000 0.3000 0.3000 0.3000 0.3000 0.3000 0.3000 -99999.0000 -99999.0000 0.3000 0.3000 0.3000 0.3000 0.3000 0.3000 0.3000 0.3000 0.3000 0.1537 0.1000 0.1000 0.1000 0.1000 0.1000 0.1000 0.1000 0.1000 0.1000 0.1000 0.1000 0.1000 0.1000 0.1000 0.1000 0.1000 0.1000 0.1000 0.1000 0.1800 0.3000 0.3211 0.3308 0.3540 0.4656 0.5000 0.5000 0.5000 0.4200 0.1857 0.4938 0.4800 0.1562 0.1469 0.1000 0.1000 0.1000 0.7000 -99999.0000
-99999.0000 -99999.0000 -99999.0000 0.3000 0.3000 0.3000 0.3000 0.3000 0.3000 0.3000 0.2358 0.1557 0.2143 -99999.0000 0.3000 0.3000 0.3000 0.3000 0.3000 0.3000 0.3000 0.3000 0.3000 0.1667 0.1000 0.1000 0.1000 0.1000 0.1000 0.1000 0.1000 0.1000 0.1000 0.1000 0.1000 0.1000 0.1000 0.3419 0.5667 0.4143 0.3136 0.1100 0.1000 0.3688 0.5921 0.7000 0.5150 0.5000 0.5000 0.5437 0.6548 0.6097 0.4782 0.4673 0.6833 0.7000 0.6739 0.6333 0.4938 0.5031 0.5089 0.5125 0.5000
-99999.0000 -99999.0000 -99999.0000 -99999.0000 -99999.0000 -99999.0000 0.3000 0.3000 0.3000 0.2840 0.1000 0.1000 0.1178 0.2130 0.1349 0.2458 0.2824 0.3000 0.3000 0.3000 0.3000 0.3000 0.3000 0.2464 0.1313 0.1367 0.1000 0.1000 0.1000 0.1000 0.1000 0.1000 0.1000 0.1000 0.1000 0.1000 0.1000 0.2781 0.6069 0.7000 0.7000 0.5875 0.4000 0.6719 0.7000 0.7000 0.6609 0.5000 0.5000 0.5077 0.8000 0.7880 0.5000 0.5000 0.6562 0.7000 0.6042 0.5764 0.5750 0.5161 0.5000 0.5000 0.5000
-99999.0000 -99999.0000 -99999.0000 -99999.0000 -99999.0000 -99999.0000 0.3000 0.3000 0.3000 -99999.0000 0.1000 0.1000 0.1000 0.1000 0.1000 0.1000 0.2133 0.3000 0.3000 0.3000 0.3000 0.3000 0.3000 0.3000 0.3000 0.2082 0.1000 0.1000 0.1000 0.1000 0.1000 0.1000 0.1000 0.1000 0.1000 0.1000 0.1000 0.1000 0.4290 0.7000 0.7000 0.7000 0.7000 0.7000 0.7000 0.7000 0.7000 0.6050 0.5105 0.5151 0.8478 0.8312 0.6152 0.5320 0.6344 0.5969 0.5033 0.5000 0.5000 0.5000 0.5000 0.5000 0.5000
-99999.0000 -99999.0000 -99999.0000 -99999.0000 -99999.0000 -99999.0000 -99999.0000 -99999.0000 -99999.0000 -99999.0000 0.1000 0.1000 0.1000 0.1000 0.1000 0.1000 0.1345 0.3000 0.3000 0.3000 0.3000 0.3000 0.3000 0.3000 0.3000 0.2492 0.1031 0.1219 0.1562 0.1167 0.1000 0.1000 0.1000 0.1000 0.1000 0.1000 0.1000 0.1000 0.5473 0.7000 0.7000 0.7000 0.7000 0.7000 0.7000 0.7000 0.7308 0.7500 0.7529 0.6760 0.8520 0.7633 0.7344 0.7000 0.7000 0.5258 0.5000 0.5000 0.5000 0.5219 0.5345 0.5375 0.5032
-99999.0000 -99999.0000 -99999.0000 -99999.0000 -99999.0000 -99999.0000 -99999.0000 -99999.0000 -99999.0000 -99999.0000 0.1000 0.1000 0.1000 0.1000 0.1000 0.1000 0.1500 0.3000 0.3000 0.3000 0.3000 0.3000 0.3000 0.3000 0.3000 0.3000 0.2656 0.2893 0.3000 0.2906 0.1250 0.1000 0.1000 0.1000 0.1000 0.1000 0.2500 0.5385 0.6667 0.7000 0.7000 0.6714 0.5824 0.5000 0.8400 0.9000 0.9000 0.9000 0.9000 0.7944 0.7629 0.7059 0.7000 0.7000 0.7000 0.5312 0.5000 0.5000 0.5349 0.6759 0.7000 0.7000 0.6781
