data01/Energydemand.asc
NCOLS 73
NROWS 78
XLLCORNER 114.8409628900
YLLCORNER 27.1302345400
CELLSIZE 0.100000
NODATA_VALUE -99999.0000
[rows 28 to 55 of 78, columns 0 to 62 of 73]
-99999.0000 -99999.0000 -99999.0000 -99999.0000 -99999.0000 -99999.0000 -99999.0000 -99999.0000 -99999.0000 -99999.0000 0.1000 0.1000 0.1000 0.1000 0.1000 0.1000 0.1156 0.2906 0.3000 0.3000 0.3000 0.3000 0.3000 0.3000 0.3111 0.3327 0.3000 0.3000 0.3000 0.2969 0.1407 0.1000 0.1000 0.1000 0.1125 0.3308 0.6679 0.7000 0.7000 0.7000 0.7000 0.6714 0.4769 0.3000 0.4966 0.8279 0.8322 0.8462 0.7437 0.7500 0.7581 0.7000 0.7000 0.7000 0.7000 0.6811 0.5667 0.5000 0.6226 0.8273 0.7865 0.7000 0.7000
-99999.0000 -99999.0000 -99999.0000 -99999.0000 -99999.0000 -99999.0000 -99999.0000 -99999.0000 -99999.0000 -99999.0000 0.1000 0.1000 0.1000 0.1000 0.1000 0.1000 0.1000 0.1406 0.2531 0.3000 0.5156 0.7688 0.5800 0.3588 0.5857 0.6051 0.3000 0.3000 0.2906 0.1742 0.1000 0.1000 0.1000 0.1000 0.4738 0.7000 0.7000 0.7000 0.7000 0.7000 0.7000 0.6867 0.4517 0.3000 0.3281 0.8228 0.7000 0.7000 0.7000 0.8259 0.8746 0.7963 0.7000 0.7000 0.7000 0.8231 0.9000 0.9000 0.9000 0.9000 0.9000 0.7609 0.6125
-99999.0000 -99999.0000 -99999.0000 -99999.0000 -99999.0000 -99999.0000 -99999.0000 -99999.0000 -99999.0000 -99999.0000 0.1000 0.1000 0.1000 0.1000 0.1000 0.1000 0.1000 0.1000 0.1645 0.2935 0.4742 0.9000 0.9000 0.9000 0.9000 0.5276 0.3000 0.3000 0.1938 0.1000 0.1469 0.3625 0.4375 0.6115 0.7000 0.7000 0.7000 0.7000 0.7000 0.7000 0.7000 0.6677 0.4520 0.3000 0.3750 0.8535 0.7772 0.7355 0.7000 0.8533 0.9000 0.9000 0.9000 0.9000 0.9000 0.9000 0.9000 0.9000 0.9000 0.9000 0.9000 0.8532 0.6192
-99999.0000 -99999.0000 -99999.0000 -99999.0000 -99999.0000 -99999.0000 -99999.0000 0.1000 0.1000 0.1000 0.1000 0.1000 0.1000 0.1000 0.1000 0.1000 0.1000 0.1000 0.1355 0.2900 0.3844 0.6000 0.5476 0.6391 0.9000 0.6600 0.3000 0.2406 0.1034 0.1000 0.3063 0.7000 0.7000 0.7000 0.7000 0.7000 0.7000 0.7000 0.7000 0.7000 0.7000 0.6037 0.4533 0.3000 0.5000 0.9000 0.9000 0.8500 0.7667 0.8783 0.9000 -99999.0000 0.9000 0.9000 0.9000 0.9000 0.9000 0.9000 0.9000 0.9000 0.9000 0.9000 0.5800
-99999.0000 -99999.0000 -99999.0000 -99999.0000 -99999.0000 -99999.0000 0.1000 0.1000 0.1000 0.1000 0.1000 0.1000 0.1000 0.1000 0.1000 0.1000 0.1000 0.1000 0.1000 0.2750 0.3000 0.3000 0.3000 0.3764 0.8032 0.5500 0.2614 0.1316 0.1000 0.1000 0.2412 0.7000 0.7000 0.7000 0.7000 0.7000 0.7000 0.7000 0.7000 0.7000 0.7000 0.7000 0.6913 0.4067 0.4767 0.8965 0.9000 0.9000 0.9000 0.9000 0.9000 0.9000 0.9000 0.9000 0.9000 0.9000 0.9000 0.9000 0.9000 0.9000 0.9000 0.9000 0.9000
-99999.0000 -99999.0000 -99999.0000 -99999.0000 -99999.0000 0.1000 0.0932 0.1000 0.1000 0.1000 0.1000 0.1000 0.1000 0.1000 0.1000 0.1000 0.1000 0.1000 0.1000 0.2500 0.2781 0.2556 0.2677 0.2719 0.2787 0.1571 0.1762 0.1000 -99999.0000 0.1000 0.2171 0.7000 0.7000 0.6830 0.7000 0.7000 0.7000 0.7000 0.7000 0.7000 0.7000 0.7000 0.7000 0.6875 0.7000 0.7556 0.8636 0.7556 0.7906 0.8556 0.8778 0.8902 0.9000 0.9000 0.9000 0.9000 0.9000 0.9000 0.9000 0.9000 0.9000 0.9000 0.9000
-99999.0000 -99999.0000 -99999.0000 -99999.0000 -99999.0000 0.1000 0.1000 0.1000 0.1000 0.1000 0.1000 0.1000 0.1000 0.1000 0.1000 0.1000 0.1000 0.1000 0.1000 0.1094 0.1036 0.1000 0.1000 0.1033 0.1100 0.1000 0.1000 0.1000 0.2158 0.3286 0.3679 0.6414 0.6797 0.5097 0.5389 0.7000 0.7000 0.7000 0.7000 0.7000 0.7000 0.7000 0.7000 0.7000 0.7000 0.7000 0.7000 0.7000 0.7000 0.7000 0.7000 0.7588 0.9000 0.9000 0.9000 0.9000 0.9000 0.9000 0.9000 0.9000 0.9000 0.9000 0.9000
-99999.0000 -99999.0000 -99999.0000 -99999.0000 -99999.0000 0.1000 0.1000 0.1000 0.1000 0.1000 0.1000 0.1000 0.1000 0.1000 0.1000 0.1000 0.1000 0.1000 0.1000 0.1000 0.1000 0.1000 0.1000 0.1000 0.1000 0.1000 0.1000 0.1000 0.3933 0.5000 0.5000 0.5031 0.5230 0.5063 0.5000 0.5750 0.5645 0.6906 0.7000 0.7000 0.7000 0.7000 0.7000 0.7000 0.7000 0.7000 0.7000 0.7000 0.7000 0.7000 0.7000 0.7000 0.9000 0.9000 0.9000 0.9000 0.9000 0.9000 0.9000 0.9000 0.9000 0.9000 0.9000
-99999.0000 -99999.0000 -99999.0000 -99999.0000 -99999.0000 -99999.0000 0.1000 0.1000 0.1000 0.1000 0.1000 0.1000 0.1000 0.1000 0.1000 0.1000 0.1000 0.1000 0.1000 0.1000 0.1000 0.1000 0.1000 0.1000 0.1000 0.1000 0.1000 0.2562 0.4938 0.5000 0.5000 0.5000 0.5000 0.5000 0.5000 0.5000 0.5000 0.5750 0.2059 0.1000 0.4429 0.5769 0.5839 0.3632 0.4714 0.5731 0.7000 0.7000 0.7000 0.7000 0.7000 -99999.0000 -99999.0000 -99999.0000 0.9000 0.9000 0.9000 0.9000 0.9000 0.9000 0.9000 0.9000 0.9000
-99999.0000 -99999.0000 -99999.0000 -99999.0000 -99999.0000 -99999.0000 0.1000 0.1000 -99999.0000 0.1000 0.1000 0.1000 0.1000 0.1000 0.1000 0.1000 0.1000 0.1000 0.1000 0.1000 0.1000 0.1000 0.1000 0.1000 0.1000 0.1000 0.1312 0.4812 0.5000 0.5000 0.5000 0.5000 0.5000 0.5000 0.5000 0.5000 0.5000 0.5000 0.3194 0.1000 0.1000 0.1000 0.1000 0.1000 0.1000 0.3906 0.4836 0.6418 0.6615 0.6365 0.6023 -99999.0000 -99999.0000 -99999.0000 0.9000 0.9000 0.9000 0.9000 0.9000 0.9000 0.9000 0.9000 0.9000
-99999.0000 -99999.0000 -99999.0000 -99999.0000 -99999.0000 -99999.0000 -99999.0000 -99999.0000 -99999.0000 0.1000 0.1000 0.1000 0.1000 0.1000 0.1000 0.1000 0.1000 0.1000 0.1000 0.1000 0.1000 0.1000 0.1187 0.2313 0.1000 0.1000 0.2250 0.5000 0.5000 0.5000 0.5000 0.5000 0.5000 0.5000 0.5000 0.5000 0.5000 0.4789 0.1963 0.1000 0.1000 0.1000 0.1000 0.1000 0.1000 0.1000 0.1000 0.1387 0.4857 0.5000 0.5000 0.5000 -99999.0000 0.9000 0.9000 0.9000 0.9000 0.9000 0.9000 0.9000 0.9000 0.9000 0.9000
-99999.0000 -99999.0000 -99999.0000 -99999.0000 -99999.0000 -99999.0000 -99999.0000 -99999.0000 -99999.0000 -99999.0000 -99999.0000 0.0833 0.1000 0.1000 0.1000 0.1000 0.1000 0.1000 0.1000 0.1000 0.1000 0.1000 0.3400 0.4937 0.3581 0.2419 0.4032 0.5000 0.5000 0.5000 0.5000 0.5000 0.5000 0.5000 0.5000 0.5000 0.4419 0.2016 0.1000 0.1000 0.1000 0.1000 0.1000 0.1000 0.1000 0.1000 0.1000 0.2902 0.5000 0.5000 0.5000 0.5000 0.5000 0.5000 0.5000 0.5000 0.9000 0.9000 0.9000 0.9000 0.9000 0.9000 0.9000
-99999.0000 -99999.0000 -99999.0000 -99999.0000 -99999.0000 -99999.0000 -99999.0000 -99999.0000 -99999.0000 -99999.0000 0.1000 0.0967 0.1000 0.1000 0.1000 0.1000 0.1000 0.1000 0.1000 0.1000 0.1000 0.1000 0.2143 0.5000 0.5000 0.5000 0.5000 0.5000 0.5000 0.5000 0.4934 0.4812 0.5000 0.5000 0.5000 0.4579 0.2875 0.1000 0.1000 0.1000 0.1000 0.1000 0.1000 0.1000 0.1000 0.1000 0.1000 0.2302 0.2576 0.4313 0.5000 0.5000 0.5000 0.5000 0.5000 0.6739 0.8857 0.9000 0.9000 0.9000 0.9000 0.9000 0.9000
-99999.0000 -99999.0000 -99999.0000 -99999.0000 -99999.0000 -99999.0000 -99999.0000 -99999.0000 -99999.0000 0.1000 0.1000 0.1000 0.1000 0.1000 0.1000 0.1000 0.1000 0.1000 0.1000 0.1000 0.1000 0.1000 0.1800 0.5000 0.5000 0.5000 0.5000 0.4022 0.2333 0.3923 0.1881 0.2812 0.4563 0.5000 0.3200 0.1267 0.2097 0.1000 0.1000 0.1000 0.1000 0.1000 0.1000 0.1000 0.1000 0.1000 0.1000 0.1000 0.1000 0.1688 0.4688 0.5000 0.5000 0.5000 0.5000 0.5000 0.7625 0.9000 0.9000 0.9000 0.9000 0.9000 0.9000
-99999.0000 -99999.0000 -99999.0000 -99999.0000 -99999.0000 -99999.0000 -99999.0000 -99999.0000 -99999.0000 0.1000 0.1000 0.1000 0.1000 0.1000 0.1000 0.1000 0.1000 0.1000 0.1000 0.1000 0.1407 0.1131 0.1000 0.3476 0.3424 0.1800 0.1000 0.1000 0.1000 0.1000 0.1000 0.1000 0.1733 0.2125 0.1562 0.1000 0.1000 0.1000 0.1000 0.1000 0.1000 0.1000 0.1000 0.1000 0.1000 0.1000 0.1000 0.1000 0.1000 0.1437 0.4400 0.5000 0.5000 0.5000 0.5200 0.6639 0.8786 0.9000 0.9000 0.9000 0.9000 0.8882 0.9000
-99999.0000 -99999.0000 -99999.0000 -99999.0000 -99999.0000 -99999.0000 -99999.0000 -99999.0000 -99999.0000 0.1000 0.1000 0.1000 0.1000 0.1000 0.1000 0.1000 0.1000 0.1000 0.1000 0.1000 0.1000 0.1000 0.1000 0.1000 0.1000 0.1000 0.1000 0.1000 0.1000 0.1000 0.1000 0.1000 0.1000 0.1000 0.1000 0.1000 0.1000 0.1000 0.1000 0.1000 0.1000 0.1000 0.1000 0.1000 0.1000 0.1000 0.1000 0.1000 0.2320 0.3156 0.5000 0.5000 0.5000 0.5000 0.6714 0.9000 0.9000 0.9000 0.8902 0.7406 0.7271 0.7235 0.9000
-99999.0000 -99999.0000 -99999.0000 -99999.0000 -99999.0000 -99999.0000 -99999.0000 -99999.0000 -99999.0000 -99999.0000 0.1000 0.1000 0.1000 0.1000 0.1000 0.1000 0.1000 0.1000 0.1000 0.1000 0.1000 0.1000 0.1000 0.1000 0.2429 0.1000 0.1000 0.1000 0.1000 0.1000 0.1000 0.1000 0.1000 0.1000 0.1000 0.1000 0.1000 0.1000 0.1000 0.1000 0.1000 0.1000 0.1000 0.1000 0.1000 0.1000 0.1000 0.1000 0.3516 0.6774 0.5949 0.5326 0.6115 0.6462 0.7227 0.9000 0.9000 0.9000 0.9000 0.7839 0.7000 0.7000 -99999.0000
-99999.0000 -99999.0000 -99999.0000 -99999.0000 -99999.0000 -99999.0000 -99999.0000 -99999.0000 -99999.0000 -99999.0000 0.1000 0.1000 0.1000 0.1000 0.1000 0.1000 0.1000 0.1000 0.1000 0.1000 0.1000 0.1000 0.1000 0.1000 0.1258 0.1000 0.1000 0.1000 0.1000 0.1000 0.1000 0.1000 0.1000 0.1000 0.1000 0.1000 0.1000 0.1000 0.1000 0.1000 0.1000 0.1000 0.1000 0.1000 0.1000 0.1000 0.1000 0.1000 0.2219 0.5406 0.7000 0.7000 0.7098 0.7824 0.7686 0.8926 0.7824 0.8231 0.9000 0.8448 0.7000 0.7000 0.7000
-99999.0000 -99999.0000 -99999.0000 -99999.0000 -99999.0000 -99999.0000 -99999.0000 -99999.0000 -99999.0000 -99999.0000 0.1000 0.1000 0.1000 0.1000 0.1000 0.1000 0.1000 0.1000 0.1000 0.1000 0.1000 0.1000 0.1000 0.1000 0.1000 0.1000 0.1000 0.1000 0.1000 0.1000 0.1000 0.1000 0.1000 0.1000 0.1000 0.1000 0.1000 0.1000 0.1000 0.1000 0.1000 0.1000 0.1000 0.1000 0.1000 0.1000 0.1000 0.1000 0.1000 0.1764 0.6647 0.7089 0.8600 0.8800 0.8000 0.7000 0.7000 0.7000 0.8500 0.8857 0.7000 0.7000 0.7000
-99999.0000 -99999.0000 -99999.0000 -99999.0000 -99999.0000 -99999.0000 -99999.0000 -99999.0000 -99999.0000 -99999.0000 -99999.0000 0.1000 0.1000 0.1000 0.1000 0.1000 0.1000 0.1000 0.1000 0.1000 0.1000 0.1000 0.1000 0.1000 0.1000 0.1000 0.1000 0.1000 0.1000 0.1000 0.1000 0.1000 0.1000 0.1000 0.1000 0.1000 0.1000 0.1000 0.1000 0.1000 0.1000 0.1000 0.1000 0.1000 0.1000 0.1094 0.2600 0.3172 0.1000 0.1712 0.6714 0.7735 0.9000 0.7000 0.7000 0.7000 0.7211 0.7692 0.8474 0.7000 0.7000 0.7000 0.7000
-99999.0000 -99999.0000 -99999.0000 -99999.0000 -99999.0000 -99999.0000 -99999.0000 -99999.0000 -99999.0000 -99999.0000 -99999.0000 -99999.0000 0.1000 0.1000 0.1000 0.1000 0.1000 0.1000 0.1000 0.1000 0.1000 0.1000 0.1000 0.1000 0.1000 0.1000 0.1000 0.1000 0.1000 0.1000 0.1000 0.1000 0.1000 0.1000 0.1000 0.1000 0.1000 0.1000 0.1000 0.1000 0.1000 0.1000 0.1000 0.1000 0.1000 0.1258 0.5750 0.6719 0.5312 0.5969 0.7000 0.7270 0.7452 0.7000 0.7529 0.9000 0.9000 0.9000 0.8250 0.7043 0.7000 0.7000 0.7000
-99999.0000 -99999.0000 -99999.0000 -99999.0000 -99999.0000 -99999.0000 -99999.0000 -99999.0000 -99999.0000 -99999.0000 -99999.0000 -99999.0000 0.1000 0.1000 0.1000 0.1000 0.1000 0.1000 -99999.0000 0.1000 0.1000 0.1000 0.1000 0.1000 0.1000 0.1000 0.1000 0.1000 0.1000 0.1000 0.1000 0.1000 0.1000 0.1000 0.1000 0.1000 0.1000 0.1000 0.1000 0.1000 0.1000 0.1000 0.1000 0.1344 0.2250 0.2346 0.3452 0.5533 0.6937 0.7000 0.7000 0.7000 0.7000 0.6905 0.7000 0.8082 0.9000 0.9000 0.9000 0.7604 0.7000 0.7000 0.7000
-99999.0000 -99999.0000 -99999.0000 -99999.0000 -99999.0000 -99999.0000 -99999.0000 -99999.0000 -99999.0000 -99999.0000 -99999.0000 -99999.0000 0.1000 0.1000 0.1000 0.1000 0.1000 0.1000 -99999.0000 0.1000 0.1000 0.1000 0.1000 0.1000 0.1000 0.1000 0.1000 0.1000 0.1000 0.1000 0.1000 0.1000 0.1000 0.1000 0.1000 0.1000 0.1000 0.1000 0.1000 0.1000 0.1000 0.1000 0.1000 0.1813 0.2938 0.3000 0.3000 0.3000 0.4800 0.5638 0.6803 0.7000 0.6844 0.5281 0.5143 0.5400 0.7437 0.9000 0.8873 0.7105 0.7000 0.7000 0.7000
-99999.0000 -99999.0000 -99999.0000 -99999.0000 -99999.0000 -99999.0000 -99999.0000 -99999.0000 -99999.0000 -99999.0000 -99999.0000 -99999.0000 -99999.0000 0.1000 0.1000 -99999.0000 -99999.0000 -99999.0000 0.1000 0.1000 0.1000 0.1000 0.1000 -99999.0000 -99999.0000 0.0846 0.0968 0.1000 0.1000 0.1000 0.1000 0.1000 0.1000 0.1000 0.1000 0.1000 0.1000 0.1000 0.1000 0.1000 0.1000 0.1000 0.1000 0.1033 0.2281 0.3000 0.3000 0.3000 0.3000 0.3000 0.5344 0.6125 0.5156 0.5000 0.5000 0.5000 0.6250 0.8719 0.8273 0.3787 0.6000 0.6687 0.7000
-99999.0000 -99999.0000 -99999.0000 -99999.0000 -99999.0000 -99999.0000 -99999.0000 -99999.0000 -99999.0000 -99999.0000 -99999.0000 -99999.0000 -99999.0000 -99999.0000 -99999.0000 -99999.0000 -99999.0000 -99999.0000 0.1000 0.1000 0.1000 0.1000 0.1000 -99999.0000 -99999.0000 -99999.0000 0.1000 0.1000 0.1000 0.1000 0.1000 0.1000 0.1000 0.1000 0.1000 0.1000 0.1000 0.1000 0.1000 0.1000 0.1000 0.1000 0.1000 0.1000 0.1774 0.3000 0.3000 0.3000 0.3000 0.3531 0.3906 0.4812 0.5000 0.5000 0.5000 0.5000 0.4906 0.3656 0.3750 0.3000 0.3000 0.4062 0.5344
-99999.0000 -99999.0000 -99999.0000 -99999.0000 -99999.0000 -99999.0000 -99999.0000 -99999.0000 -99999.0000 -99999.0000 -99999.0000 -99999.0000 -99999.0000 -99999.0000 -99999.0000 -99999.0000 -99999.0000 -99999.0000 0.1000 0.1000 0.1000 -99999.0000 -99999.0000 -99999.0000 -99999.0000 -99999.0000 -99999.0000 -99999.0000 -99999.0000 -99999.0000 0.1000 0.1000 0.1000 0.1000 0.1000 0.1000 0.1000 0.1000 0.1000 0.1000 0.1000 0.1000 0.1000 0.1182 0.2841 0.3000 0.3000 0.3000 0.3100 0.4719 0.5000 0.5000 0.5000 0.5188 0.5000 0.5000 0.4313 0.3000 0.3000 0.3000 0.3000 0.3000 0.3613
-99999.0000 -99999.0000 -99999.0000 -99999.0000 -99999.0000 -99999.0000 -99999.0000 -99999.0000 -99999.0000 -99999.0000 -99999.0000 -99999.0000 -99999.0000 -99999.0000 -99999.0000 -99999.0000 -99999.0000 -99999.0000 -99999.0000 -99999.0000 -99999.0000 -99999.0000 -99999.0000 -99999.0000 -99999.0000 -99999.0000 -99999.0000 -99999.0000 -99999.0000 -99999.0000 -99999.0000 -99999.0000 0.1000 0.1000 0.1000 0.1000 0.1000 0.1000 0.1000 0.1000 0.1000 0.1000 0.1143 0.2512 0.3000 0.3000 0.3000 0.3031 0.3844 0.5000 0.5000 0.5000 0.5906 0.6812 0.5433 0.5000 0.4000 0.3000 0.3000 0.3000 0.3000 0.3000 0.3000
-99999.0000 -99999.0000 -99999.0000 -99999.0000 -99999.0000 -99999.0000 -99999.0000 -99999.0000 -99999.0000 -99999.0000 -99999.0000 -99999.0000 -99999.0000 -99999.0000 -99999.0000 -99999.0000 -99999.0000 -99999.0000 -99999.0000 -99999.0000 -99999.0000 -99999.0000 -99999.0000 -99999.0000 -99999.0000 -99999.0000 -99999.0000 -99999.0000 -99999.0000 -99999.0000 -99999.0000 -99999.0000 0.1000 0.1000 0.1000 0.1000 0.1000 0.1000 0.1000 0.1000 0.1156 0.1750 0.2774 0.3000 0.3219 0.4750 0.3625 0.4156 0.5000 0.5032 0.5635 0.6033 0.6959 0.6828 0.5156 0.5000 0.4719 0.3533 0.3094 0.3000 0.3000 0.3000 0.2903
