data01/Grid.asc
NCOLS 73
NROWS 78
XLLCORNER 114.8409628900
YLLCORNER 27.1302345400
CELLSIZE 0.100000
NODATA_VALUE -99999.0000
[rows 28 to 55 of 78, columns 0 to 62 of 73]
-99999.0000 -99999.0000 -99999.0000 -99999.0000 -99999.0000 -99999.0000 -99999.0000 -99999.0000 -99999.0000 -99999.0000 0.1400 0.1000 0.1000 0.1000 0.1000 0.1000 0.1000 0.1000 0.1000 0.1000 0.1219 0.6469 0.8767 0.5063 0.1185 0.1000 0.1000 0.1000 0.1000 0.1000 0.1000 0.1103 0.5219 0.6161 0.1333 0.2885 0.8036 0.6070 0.5909 0.9000 0.9000 0.8357 0.3846 0.2744 0.1207 0.1885 0.6898 0.7538 0.5531 0.4833 0.3323 0.4240 0.7678 0.4778 0.2709 0.2057 0.4500 0.5971 0.2806 0.1000 0.1000 0.1034 0.3238
-99999.0000 -99999.0000 -99999.0000 -99999.0000 -99999.0000 -99999.0000 -99999.0000 -99999.0000 -99999.0000 -99999.0000 0.6250 0.3750 0.1250 0.1000 0.1000 0.1000 0.1000 0.1000 0.1000 0.1000 0.1031 0.3750 0.8633 0.8137 0.2905 0.1000 0.1000 0.1000 0.1000 0.1000 0.1000 0.2281 0.7452 0.4649 0.1197 0.2233 0.6250 0.7939 0.7667 0.7667 0.8500 0.8267 0.7103 0.6632 0.3000 0.1175 0.2469 0.2937 0.5906 0.7630 0.7794 0.7815 0.6846 0.2953 0.2538 0.4385 0.7976 0.8778 0.6724 0.3800 0.1000 0.2913 0.7458
-99999.0000 -99999.0000 -99999.0000 -99999.0000 -99999.0000 -99999.0000 -99999.0000 -99999.0000 -99999.0000 -99999.0000 0.8167 0.7724 0.5781 0.2375 0.1031 0.1000 0.1000 0.1000 0.1000 0.1000 0.1871 0.6903 0.8533 0.6200 0.1000 0.1000 0.1000 0.1156 0.1156 0.1000 0.1094 0.3469 0.7906 0.3820 0.4810 0.6562 0.3356 0.3645 0.7721 0.8417 0.8636 0.8903 0.8120 0.7259 0.5312 0.1279 0.1000 0.1000 0.1103 0.3700 0.8349 0.8826 0.9000 0.8800 0.8158 0.7933 0.8913 0.8818 0.5333 0.1294 0.7000 0.7851 0.8115
-99999.0000 -99999.0000 -99999.0000 -99999.0000 -99999.0000 -99999.0000 -99999.0000 0.1000 0.1000 0.1000 0.1057 0.3167 0.6733 0.7719 0.5844 0.3100 0.1056 0.1000 0.1000 0.1000 0.1656 0.7000 0.7730 0.7565 0.5316 0.6818 0.5194 0.6344 0.6414 0.4931 0.5344 0.7900 0.7767 0.6967 0.7413 0.4385 0.1923 0.1254 0.4533 0.8281 0.7577 0.8000 0.6500 0.2533 0.1533 0.1000 0.1000 0.1000 0.1000 0.1391 0.2000 -99999.0000 0.8600 0.8907 0.8024 0.8484 0.9000 0.8511 0.3145 0.1000 0.4429 0.8077 0.5000
-99999.0000 -99999.0000 -99999.0000 -99999.0000 -99999.0000 -99999.0000 0.1000 0.1000 0.1000 0.1000 0.1000 0.1000 0.1781 0.4625 0.7844 0.7906 0.4444 0.1187 0.1000 0.1000 0.1031 0.4938 0.7689 0.5182 0.3968 0.8000 0.5000 0.5281 0.6500 0.7552 0.7784 0.8844 0.8679 0.7767 0.3721 0.1231 0.1889 0.3226 0.8062 0.8000 0.5312 0.4750 0.7696 0.5500 0.1933 0.1035 0.1000 0.1000 0.1000 0.1000 0.3400 0.9000 0.9000 0.9000 0.9000 0.9000 0.8826 0.8192 0.5667 0.1333 0.5750 0.8111 0.8660
-99999.0000 -99999.0000 -99999.0000 -99999.0000 -99999.0000 0.1000 0.0932 0.1156 0.1222 0.1000 0.1102 0.1196 0.1000 0.1097 0.1906 0.4563 0.7937 0.4437 0.1437 0.1000 0.1000 0.2222 0.6419 0.7812 0.7638 0.5857 0.1000 0.1000 -99999.0000 0.2455 0.2610 0.8033 0.6839 0.7553 0.7982 0.6000 0.5824 0.8333 0.8736 0.8774 0.8750 0.8317 0.7633 0.8219 0.7426 0.4519 0.2818 0.4000 0.2019 0.1444 0.7963 0.9000 0.8824 0.8875 0.9000 0.9000 0.9000 0.8756 0.7692 0.9000 0.5645 0.8529 0.9000
-99999.0000 -99999.0000 -99999.0000 -99999.0000 -99999.0000 0.1000 0.1906 0.5813 0.6661 0.6891 0.6531 0.6245 0.5203 0.5000 0.5000 0.5125 0.6033 0.8000 0.6250 0.3438 0.3000 0.2830 0.3786 0.4833 0.7133 0.7218 0.5933 0.7000 0.3947 0.2397 0.3786 0.6034 0.7983 0.8387 0.7444 0.8647 0.7333 0.8500 0.4657 0.5615 0.9000 0.2214 0.4344 0.6469 0.6358 0.6857 0.7286 0.8086 0.7667 0.8429 0.7128 0.8529 0.4045 0.5500 0.5737 0.9000 0.9000 0.8500 0.5759 0.3000 0.9000 0.9000 0.9000
-99999.0000 -99999.0000 -99999.0000 -99999.0000 -99999.0000 0.1571 0.5540 0.8094 0.5000 0.5000 0.5000 0.5500 0.7125 0.7844 0.8538 0.8194 0.7906 0.7719 0.8032 0.8531 0.8365 0.8524 0.8406 0.8290 0.8312 0.8750 0.8778 0.8695 0.7933 0.7750 0.7839 0.7750 0.7230 0.3762 0.1500 0.4000 0.7097 0.7312 0.2273 0.1000 0.1000 0.1000 0.1000 0.1222 0.1432 0.2000 0.1435 0.2119 0.3435 0.6238 0.6551 0.8619 0.1000 0.3000 0.4000 0.8143 0.9000 0.8000 0.6143 0.8840 0.8795 0.7800 0.9000
-99999.0000 -99999.0000 -99999.0000 -99999.0000 -99999.0000 -99999.0000 0.8211 0.4684 0.1364 0.1000 0.1000 0.1000 0.1508 0.2472 0.2778 0.2475 0.2000 0.1781 0.1640 0.4364 0.7742 0.6875 0.4062 0.3933 0.5400 0.5000 0.5437 0.8344 0.8094 0.6397 0.4289 0.2633 0.4208 0.4800 0.2846 0.7865 0.8812 0.8714 0.5980 0.1923 0.1000 0.1000 0.1000 0.1000 0.1000 0.1000 0.1000 0.1000 0.1032 0.2378 0.8200 -99999.0000 -99999.0000 -99999.0000 0.2333 0.6171 0.8905 0.7000 0.9000 0.9000 0.8259 0.5706 0.8467
-99999.0000 -99999.0000 -99999.0000 -99999.0000 -99999.0000 -99999.0000 0.1667 0.1080 -99999.0000 0.1000 0.1000 0.1000 0.1000 0.1000 0.1000 0.1000 0.1000 0.1000 0.1000 0.1031 0.2903 0.7844 0.4677 0.1167 0.1000 0.1000 0.1187 0.2531 0.4563 0.8087 0.8280 0.6576 0.4609 0.8194 0.7222 0.8379 0.6581 0.7500 0.8032 0.3828 0.1000 0.1000 0.1000 0.1000 0.1000 0.1000 0.1000 0.1000 0.1000 0.3127 0.8116 -99999.0000 -99999.0000 -99999.0000 0.1000 0.5571 0.8263 0.8000 0.7571 0.8000 0.1750 0.4520 0.8636
-99999.0000 -99999.0000 -99999.0000 -99999.0000 -99999.0000 -99999.0000 -99999.0000 -99999.0000 -99999.0000 0.1000 0.1000 0.1000 0.1000 0.1000 0.1000 0.1000 0.1000 0.1000 0.1000 0.1000 0.1167 0.5489 0.7781 0.3375 0.1094 0.1000 0.1000 0.1000 0.1037 0.1500 0.4652 0.8040 0.5621 0.7107 0.6088 0.4048 0.3548 0.7246 0.7704 0.3237 0.1000 0.1000 0.1098 0.1429 0.2062 0.1548 0.1258 0.1258 0.1036 0.3500 0.8091 0.5667 -99999.0000 0.1000 0.1000 0.1750 0.7000 0.8600 0.7562 0.6600 0.4714 0.8568 0.8843
-99999.0000 -99999.0000 -99999.0000 -99999.0000 -99999.0000 -99999.0000 -99999.0000 -99999.0000 -99999.0000 -99999.0000 -99999.0000 0.0833 0.1000 0.1000 0.1000 0.1000 0.1000 0.1000 0.1000 0.1000 0.1000 0.1475 0.5873 0.7635 0.3097 0.1000 0.1387 0.2862 0.1909 0.1000 0.1533 0.4469 0.7207 0.7750 0.7964 0.8082 0.7871 0.8111 0.4962 0.3340 0.5000 0.5286 0.5935 0.7909 0.7750 0.7063 0.6750 0.6639 0.4358 0.5719 0.8400 0.6725 0.8167 0.9000 0.7000 0.7000 0.9000 0.9000 0.7789 0.7773 0.7273 0.8429 0.8628
-99999.0000 -99999.0000 -99999.0000 -99999.0000 -99999.0000 -99999.0000 -99999.0000 -99999.0000 -99999.0000 -99999.0000 0.1000 0.0967 0.1000 0.1000 0.1000 0.1000 0.1000 0.1000 0.1000 0.1000 0.1000 0.1000 0.1571 0.6321 0.7364 0.1552 0.2738 0.7255 0.8091 0.7919 0.3885 0.1375 0.1875 0.2031 0.2745 0.6088 0.7719 0.8500 0.8770 0.8600 0.8645 0.8500 0.8286 0.8179 0.7469 0.7889 0.8055 0.8302 0.8394 0.8438 0.8742 0.7222 0.6333 0.7042 0.7944 0.7696 0.7429 0.8455 0.8538 0.5778 0.4404 0.7848 0.7862
-99999.0000 -99999.0000 -99999.0000 -99999.0000 -99999.0000 -99999.0000 -99999.0000 -99999.0000 -99999.0000 0.1000 0.1000 0.1000 0.1000 0.1000 0.1000 0.1000 0.1000 0.1000 0.1000 0.1000 0.1000 0.1000 0.1000 0.2407 0.7712 0.4355 0.1171 0.2644 0.3788 0.8077 0.7881 0.7000 0.5719 0.4781 0.7433 0.8233 0.8613 0.8406 0.5719 0.3656 0.3969 0.3375 0.3250 0.3250 0.3656 0.4672 0.6153 0.8033 0.5290 0.8344 0.8656 0.7344 0.4390 0.2409 0.4593 0.5800 0.8719 0.7750 0.7815 0.8259 0.8755 0.6349 0.2406
-99999.0000 -99999.0000 -99999.0000 -99999.0000 -99999.0000 -99999.0000 -99999.0000 -99999.0000 -99999.0000 0.1000 0.1000 0.1000 0.1000 0.1000 0.1000 0.1000 0.1000 0.1000 0.1000 0.1000 0.1000 0.1000 0.1000 0.1286 0.7242 0.7343 0.1500 0.3588 0.7323 0.7958 0.8292 0.8406 0.8833 0.8125 0.6781 0.5115 0.3903 0.5781 0.7844 0.6969 0.4267 0.2448 0.3500 0.1500 0.1000 0.1000 0.1467 0.4688 0.8080 0.8500 0.7500 0.8633 0.7364 0.8091 0.8433 0.8344 0.8107 0.8297 0.7566 0.8719 0.8200 0.8059 0.6154
-99999.0000 -99999.0000 -99999.0000 -99999.0000 -99999.0000 -99999.0000 -99999.0000 -99999.0000 -99999.0000 0.1000 0.1000 0.1000 0.1000 0.1000 0.1000 0.1000 0.1000 0.1000 0.1000 0.1000 0.1000 0.1000 0.1000 0.1000 0.7039 0.7571 0.5345 0.7500 0.6500 0.2967 0.6298 0.7613 0.7400 0.7594 0.7531 0.7125 0.6750 0.4719 0.3750 0.5094 0.7538 0.8087 0.7875 0.5156 0.1781 0.1000 0.1204 0.2938 0.5440 0.8719 0.8193 0.8317 0.4654 0.4143 0.5667 0.7708 0.7717 0.7815 0.8463 0.8250 0.7271 0.6765 0.9000
-99999.0000 -99999.0000 -99999.0000 -99999.0000 -99999.0000 -99999.0000 -99999.0000 -99999.0000 -99999.0000 -99999.0000 0.3231 0.2062 0.1036 0.1000 0.1000 0.1000 0.1000 0.1000 0.1000 0.1000 0.1000 0.1000 0.1000 0.1250 0.3893 0.7780 0.8789 0.6950 0.2812 0.1737 0.7067 0.5125 0.1781 0.3393 0.3250 0.4594 0.5031 0.7281 0.7344 0.6920 0.7448 0.7906 0.7781 0.8000 0.6633 0.2273 0.2333 0.7406 0.7871 0.8290 0.8593 0.8767 0.7923 0.7192 0.7955 0.8564 0.8614 0.7576 0.6415 0.7903 0.7936 0.9000 -99999.0000
-99999.0000 -99999.0000 -99999.0000 -99999.0000 -99999.0000 -99999.0000 -99999.0000 -99999.0000 -99999.0000 -99999.0000 0.7333 0.7467 0.4313 0.2219 0.2893 0.3344 0.4875 0.5267 0.3562 0.4862 0.5727 0.2867 0.4636 0.8217 0.7742 0.6875 0.3809 0.1000 0.1000 0.2400 0.7194 0.5500 0.1000 0.1000 0.1000 0.1000 0.1031 0.1719 0.3313 0.4437 0.3406 0.3250 0.5500 0.7656 0.8500 0.4282 0.1449 0.3625 0.7281 0.7594 0.8483 0.9000 0.8805 0.8176 0.8486 0.8778 0.6353 0.8385 0.8742 0.7828 0.7424 0.9000 0.1000
-99999.0000 -99999.0000 -99999.0000 -99999.0000 -99999.0000 -99999.0000 -99999.0000 -99999.0000 -99999.0000 -99999.0000 0.5000 0.6231 0.8700 0.8625 0.8051 0.7909 0.6937 0.6429 0.7562 0.6941 0.7485 0.8636 0.7906 0.7032 0.3875 0.1635 0.1000 0.1000 0.1000 0.1951 0.7516 0.4567 0.1000 0.1000 0.1000 0.1000 0.1000 0.1000 0.1000 0.1000 0.1000 0.1000 0.1032 0.2438 0.6531 0.7540 0.6587 0.6656 0.7436 0.4855 0.8451 0.8244 0.4400 0.8200 0.8333 0.5000 0.7102 0.8259 0.6000 0.3857 0.5000 0.1000 0.1000
-99999.0000 -99999.0000 -99999.0000 -99999.0000 -99999.0000 -99999.0000 -99999.0000 -99999.0000 -99999.0000 -99999.0000 -99999.0000 0.9000 0.6224 0.4323 0.2649 0.1714 0.2000 0.1341 0.2036 0.1545 0.1759 0.4478 0.4781 0.2031 0.1000 0.1000 0.1000 0.1000 0.1000 0.1719 0.7250 0.5250 0.1156 0.1000 0.1000 0.1000 0.1000 0.1000 0.1000 0.1000 0.1000 0.1000 0.1000 0.1000 0.2031 0.3656 0.5333 0.8517 0.7776 0.7136 0.8524 0.5122 0.2087 0.8500 0.8500 0.8200 0.8158 0.6769 0.7737 0.7571 0.4520 0.1000 0.1000
-99999.0000 -99999.0000 -99999.0000 -99999.0000 -99999.0000 -99999.0000 -99999.0000 -99999.0000 -99999.0000 -99999.0000 -99999.0000 -99999.0000 0.1121 0.1000 0.1000 0.1000 0.1000 0.1000 0.1000 0.1000 0.1000 0.1000 0.1000 0.1000 0.1000 0.1000 0.1000 0.1000 0.1000 0.1031 0.4897 0.7969 0.5094 0.1267 0.1000 0.1000 0.1000 0.1000 0.1000 0.1000 0.1000 0.1000 0.1000 0.1000 0.1000 0.1000 0.1375 0.4719 0.8031 0.7312 0.6633 0.8189 0.7387 0.6182 0.8059 0.5950 0.7000 0.4053 0.7292 0.7553 0.3471 0.1000 0.1000
-99999.0000 -99999.0000 -99999.0000 -99999.0000 -99999.0000 -99999.0000 -99999.0000 -99999.0000 -99999.0000 -99999.0000 -99999.0000 -99999.0000 0.1000 0.1000 0.1000 0.1000 0.1000 0.1000 -99999.0000 0.1000 0.1000 0.1000 0.1000 0.1000 0.1000 0.1000 0.1000 0.1000 0.1000 0.1000 0.1452 0.4187 0.7833 0.2935 0.1156 0.1000 0.1000 0.1000 0.1000 0.1000 0.1000 0.1000 0.1000 0.1000 0.1000 0.1000 0.1000 0.1033 0.2906 0.6778 0.7750 0.6918 0.7469 0.8556 0.7857 0.7721 0.7941 0.8333 0.7613 0.8245 0.5627 0.5203 0.4050
-99999.0000 -99999.0000 -99999.0000 -99999.0000 -99999.0000 -99999.0000 -99999.0000 -99999.0000 -99999.0000 -99999.0000 -99999.0000 -99999.0000 0.1000 0.1000 0.1000 0.1000 0.1000 0.1000 -99999.0000 0.1000 0.1000 0.1000 0.1000 0.1000 0.1000 0.1000 0.1000 0.1000 0.1000 0.1000 0.1000 0.1774 0.6750 0.7677 0.5526 0.1328 0.1000 0.1000 0.1000 0.1000 0.1000 0.1000 0.1000 0.1000 0.1000 0.1000 0.1000 0.1000 0.1000 0.1681 0.4443 0.8375 0.5781 0.5938 0.8429 0.8267 0.7188 0.6633 0.4683 0.5211 0.5437 0.5712 0.7230
-99999.0000 -99999.0000 -99999.0000 -99999.0000 -99999.0000 -99999.0000 -99999.0000 -99999.0000 -99999.0000 -99999.0000 -99999.0000 -99999.0000 -99999.0000 0.1000 0.1000 -99999.0000 -99999.0000 -99999.0000 0.1000 0.1000 0.1000 0.1000 0.1000 -99999.0000 -99999.0000 0.0846 0.0968 0.1000 0.1000 0.1000 0.1000 0.1000 0.2233 0.4542 0.5759 0.1600 0.1000 0.1000 0.1000 0.1000 0.1000 0.1000 0.1000 0.1000 0.1000 0.1000 0.1000 0.1000 0.1000 0.1000 0.4156 0.7719 0.2156 0.1578 0.6652 0.7642 0.2719 0.1219 0.1000 0.1000 0.1000 0.1094 0.1567
-99999.0000 -99999.0000 -99999.0000 -99999.0000 -99999.0000 -99999.0000 -99999.0000 -99999.0000 -99999.0000 -99999.0000 -99999.0000 -99999.0000 -99999.0000 -99999.0000 -99999.0000 -99999.0000 -99999.0000 -99999.0000 0.1000 0.1000 0.1000 0.1000 0.1000 -99999.0000 -99999.0000 -99999.0000 0.1000 0.1000 0.1000 0.1000 0.1000 0.1000 0.1000 0.1000 0.1000 0.1000 0.1000 0.1000 0.1000 0.1000 0.1000 0.1000 0.1000 0.1000 0.1000 0.1000 0.1000 0.1000 0.1000 0.1625 0.6844 0.6000 0.2571 0.7686 0.8714 0.6281 0.3187 0.1719 0.1031 0.1000 0.1000 0.1000 0.1000
-99999.0000 -99999.0000 -99999.0000 -99999.0000 -99999.0000 -99999.0000 -99999.0000 -99999.0000 -99999.0000 -99999.0000 -99999.0000 -99999.0000 -99999.0000 -99999.0000 -99999.0000 -99999.0000 -99999.0000 -99999.0000 0.1000 0.1000 0.1000 -99999.0000 -99999.0000 -99999.0000 -99999.0000 -99999.0000 -99999.0000 -99999.0000 -99999.0000 -99999.0000 0.1000 0.1000 0.1000 0.1000 0.1000 0.1000 0.1000 0.1000 0.1000 0.1000 0.1000 0.1000 0.1000 0.1000 0.1000 0.1000 0.1000 0.1000 0.1200 0.5250 0.7625 0.3063 0.4571 0.8219 0.7387 0.6963 0.7656 0.7375 0.4153 0.2667 0.1000 0.1000 0.1000
-99999.0000 -99999.0000 -99999.0000 -99999.0000 -99999.0000 -99999.0000 -99999.0000 -99999.0000 -99999.0000 -99999.0000 -99999.0000 -99999.0000 -99999.0000 -99999.0000 -99999.0000 -99999.0000 -99999.0000 -99999.0000 -99999.0000 -99999.0000 -99999.0000 -99999.0000 -99999.0000 -99999.0000 -99999.0000 -99999.0000 -99999.0000 -99999.0000 -99999.0000 -99999.0000 -99999.0000 -99999.0000 0.1000 0.1000 0.1000 0.1000 0.1000 0.1000 0.1000 0.1000 0.1000 0.1000 0.1000 0.1000 0.1043 0.1254 0.1032 0.1031 0.3594 0.8143 0.4436 0.4377 0.8250 0.6750 0.1667 0.1607 0.1938 0.4581 0.7820 0.6241 0.1186 0.1000 0.1000
-99999.0000 -99999.0000 -99999.0000 -99999.0000 -99999.0000 -99999.0000 -99999.0000 -99999.0000 -99999.0000 -99999.0000 -99999.0000 -99999.0000 -99999.0000 -99999.0000 -99999.0000 -99999.0000 -99999.0000 -99999.0000 -99999.0000 -99999.0000 -99999.0000 -99999.0000 -99999.0000 -99999.0000 -99999.0000 -99999.0000 -99999.0000 -99999.0000 -99999.0000 -99999.0000 -99999.0000 -99999.0000 0.1000 0.1000 0.1000 0.1000 0.1000 0.1000 0.1000 0.1000 0.1000 0.1000 0.1000 0.1000 0.2688 0.6594 0.4344 0.2250 0.7437 0.6548 0.5000 0.8067 0.7204 0.6517 0.1250 0.1000 0.1000 0.1200 0.2062 0.1688 0.1000 0.1000 0.1000
