data01/Grid.asc
NCOLS 73
NROWS 78
XLLCORNER 114.8409628900
YLLCORNER 27.1302345400
CELLSIZE 0.100000
NODATA_VALUE -99999.0000
[rows 0 to 27 of 78, columns 0 to 62 of 73]
-99999.0000 -99999.0000 -99999.0000 -99999.0000 -99999.0000 -99999.0000 -99999.0000 -99999.0000 -99999.0000 -99999.0000 -99999.0000 -99999.0000 -99999.0000 -99999.0000 -99999.0000 0.1000 0.1000 0.1000 0.1000 0.1000 0.1000 0.1000 -99999.0000 -99999.0000 -99999.0000 -99999.0000 -99999.0000 -99999.0000 -99999.0000 -99999.0000 -99999.0000 -99999.0000 -99999.0000 -99999.0000 -99999.0000 -99999.0000 -99999.0000 -99999.0000 -99999.0000 0.7364 0.5000 0.1561 0.1000 0.1000 -99999.0000 -99999.0000 -99999.0000 -99999.0000 -99999.0000 -99999.0000 -99999.0000 -99999.0000 -99999.0000 -99999.0000 -99999.0000 -99999.0000 -99999.0000 -99999.0000 -99999.0000 -99999.0000 -99999.0000 -99999.0000 -99999.0000
-99999.0000 -99999.0000 -99999.0000 -99999.0000 -99999.0000 -99999.0000 -99999.0000 -99999.0000 -99999.0000 -99999.0000 -99999.0000 -99999.0000 -99999.0000 -99999.0000 -99999.0000 0.1000 0.1000 0.1000 0.1000 0.1000 0.1000 0.1000 0.1000 -99999.0000 -99999.0000 -99999.0000 -99999.0000 -99999.0000 -99999.0000 -99999.0000 -99999.0000 -99999.0000 -99999.0000 -99999.0000 -99999.0000 -99999.0000 -99999.0000 -99999.0000 0.1500 0.3706 0.7792 0.6094 0.1863 0.1000 0.1000 0.1000 -99999.0000 -99999.0000 -99999.0000 -99999.0000 -99999.0000 -99999.0000 -99999.0000 -99999.0000 -99999.0000 -99999.0000 -99999.0000 -99999.0000 -99999.0000 -99999.0000 -99999.0000 -99999.0000 -99999.0000
-99999.0000 -99999.0000 -99999.0000 -99999.0000 -99999.0000 -99999.0000 -99999.0000 -99999.0000 -99999.0000 -99999.0000 -99999.0000 -99999.0000 -99999.0000 -99999.0000 -99999.0000 0.1000 0.1000 0.1000 0.1000 0.1000 0.1000 0.1000 0.0833 -99999.0000 -99999.0000 -99999.0000 -99999.0000 -99999.0000 -99999.0000 0.1000 0.1000 0.1000 0.1000 -99999.0000 -99999.0000 -99999.0000 0.1000 0.1000 0.1000 0.1035 0.3742 0.7750 0.2241 0.1000 0.1000 0.1000 0.0889 0.0000 -99999.0000 -99999.0000 -99999.0000 -99999.0000 -99999.0000 -99999.0000 -99999.0000 -99999.0000 -99999.0000 -99999.0000 -99999.0000 -99999.0000 -99999.0000 -99999.0000 -99999.0000
-99999.0000 -99999.0000 -99999.0000 -99999.0000 -99999.0000 -99999.0000 -99999.0000 -99999.0000 -99999.0000 -99999.0000 -99999.0000 -99999.0000 -99999.0000 0.1000 0.0905 0.1000 0.1000 0.1000 0.1000 0.1000 0.1000 0.1000 0.1000 0.1000 0.1000 0.1000 -99999.0000 -99999.0000 0.1000 0.1000 0.1000 0.1000 0.1000 0.1000 -99999.0000 0.1000 0.1000 0.1000 0.1000 0.1000 0.4567 0.7967 0.2280 0.1000 0.1000 0.1000 0.0975 0.0962 -99999.0000 -99999.0000 -99999.0000 -99999.0000 -99999.0000 -99999.0000 -99999.0000 -99999.0000 -99999.0000 -99999.0000 -99999.0000 -99999.0000 -99999.0000 -99999.0000 -99999.0000
-99999.0000 -99999.0000 -99999.0000 -99999.0000 -99999.0000 -99999.0000 -99999.0000 -99999.0000 -99999.0000 -99999.0000 -99999.0000 -99999.0000 -99999.0000 0.0909 0.1000 0.1000 0.1000 0.1000 0.1000 0.1156 0.1219 0.1000 0.1000 0.1000 0.1000 0.1000 0.1000 0.1000 0.1000 0.1000 0.1000 0.1000 0.1000 0.1000 -99999.0000 0.1000 0.1000 0.1000 0.1000 0.1000 0.3846 0.7935 0.2906 0.1625 0.4719 0.2429 0.1000 0.1000 0.1000 0.1000 0.1000 -99999.0000 -99999.0000 -99999.0000 -99999.0000 -99999.0000 -99999.0000 -99999.0000 -99999.0000 -99999.0000 -99999.0000 -99999.0000 -99999.0000
-99999.0000 -99999.0000 -99999.0000 -99999.0000 -99999.0000 -99999.0000 -99999.0000 -99999.0000 -99999.0000 -99999.0000 -99999.0000 -99999.0000 -99999.0000 0.1000 0.1000 0.1000 0.1000 0.1000 0.1000 0.4187 0.6500 0.4344 0.1950 0.1000 0.1000 0.1000 0.1000 0.1000 0.1000 0.1000 0.1000 0.1000 0.1000 0.1000 0.1000 0.1000 0.1000 0.1000 0.1000 0.1000 0.1806 0.7125 0.5750 0.2365 0.7820 0.3867 0.1000 0.1000 0.1000 0.1000 0.1000 0.1000 0.1000 -99999.0000 -99999.0000 -99999.0000 -99999.0000 -99999.0000 -99999.0000 -99999.0000 -99999.0000 -99999.0000 -99999.0000
-99999.0000 -99999.0000 -99999.0000 -99999.0000 -99999.0000 -99999.0000 -99999.0000 -99999.0000 -99999.0000 -99999.0000 -99999.0000 -99999.0000 -99999.0000 -99999.0000 0.1000 0.1000 0.1000 0.0932 0.1000 0.2281 0.5345 0.7710 0.6886 0.1000 0.1000 0.1000 0.1000 0.1000 0.1000 0.1000 0.1000 0.1000 0.1000 0.1000 0.1000 0.1000 0.1000 0.1000 0.1000 0.1000 0.1047 0.5129 0.7594 0.2922 0.7977 0.4871 0.1031 0.1077 0.1743 0.1032 0.1000 0.1000 0.1000 0.1000 0.1000 -99999.0000 -99999.0000 -99999.0000 -99999.0000 -99999.0000 -99999.0000 -99999.0000 -99999.0000
-99999.0000 -99999.0000 -99999.0000 -99999.0000 -99999.0000 -99999.0000 -99999.0000 -99999.0000 -99999.0000 -99999.0000 -99999.0000 -99999.0000 -99999.0000 -99999.0000 -99999.0000 -99999.0000 0.1000 0.1000 0.1000 0.1000 0.1154 0.7130 0.7979 0.3421 0.1154 0.1000 0.1000 0.1000 0.1000 0.1000 0.1000 0.1000 0.1000 0.1000 0.1000 0.1000 0.1000 0.1000 0.1000 0.1000 0.1000 0.3031 0.8037 0.4607 0.5681 0.6869 0.1857 0.4556 0.7036 0.2290 0.1000 0.1000 0.1000 0.1000 0.1000 -99999.0000 -99999.0000 -99999.0000 -99999.0000 -99999.0000 -99999.0000 -99999.0000 -99999.0000
-99999.0000 -99999.0000 -99999.0000 -99999.0000 -99999.0000 -99999.0000 -99999.0000 0.1000 0.1000 0.1000 0.1000 -99999.0000 -99999.0000 -99999.0000 -99999.0000 -99999.0000 0.1000 0.1000 0.1000 0.1000 0.1033 0.2492 0.7367 0.7906 0.5355 0.1159 0.1000 0.1000 0.1000 0.1000 0.1000 0.1000 0.1000 -99999.0000 0.1000 0.1000 0.1000 0.1000 0.1000 0.1000 0.1000 0.1313 0.4750 0.7900 0.6073 0.8224 0.3615 0.2796 0.7772 0.4467 0.1035 0.1000 0.1000 0.1000 0.1000 -99999.0000 -99999.0000 -99999.0000 -99999.0000 -99999.0000 -99999.0000 -99999.0000 -99999.0000
-99999.0000 -99999.0000 -99999.0000 -99999.0000 -99999.0000 -99999.0000 -99999.0000 0.1000 0.1000 0.1000 0.1000 0.1000 -99999.0000 -99999.0000 -99999.0000 -99999.0000 -99999.0000 0.1000 0.1000 0.1000 0.1000 0.1000 0.1667 0.6781 0.6750 0.1250 0.1000 0.1000 0.1000 0.1000 0.1000 0.1000 0.1000 0.1000 0.1000 0.1000 0.1000 0.1000 0.1000 0.1000 0.1000 0.1000 0.1571 0.3980 0.7688 0.8100 0.2085 0.1197 0.5321 0.7955 0.1786 0.1000 0.1000 0.1000 0.1000 0.1000 -99999.0000 -99999.0000 -99999.0000 -99999.0000 -99999.0000 -99999.0000 -99999.0000
-99999.0000 -99999.0000 -99999.0000 -99999.0000 -99999.0000 -99999.0000 0.1000 0.1000 0.1000 0.1000 0.1000 0.1000 0.1000 -99999.0000 -99999.0000 0.1000 0.1000 0.1000 0.1038 0.3111 0.1833 0.1000 0.1156 0.5969 0.7219 0.3219 0.1375 0.1000 0.1000 0.1000 0.1000 0.1000 0.1000 0.1000 0.1000 0.1000 0.1000 0.1000 0.1000 0.1000 0.1031 0.2759 0.4873 0.1525 0.5387 0.8429 0.5952 0.1774 0.2323 0.7867 0.4379 0.1094 0.1000 0.1000 0.1000 0.1000 -99999.0000 -99999.0000 -99999.0000 -99999.0000 -99999.0000 -99999.0000 -99999.0000
-99999.0000 -99999.0000 -99999.0000 -99999.0000 -99999.0000 -99999.0000 -99999.0000 0.1000 0.1000 0.1000 0.1000 0.1000 0.1000 0.1000 0.1000 0.1000 0.1000 0.1000 0.1291 0.6258 0.6062 0.1219 0.1000 0.3400 0.6469 0.7844 0.5719 0.1967 0.1000 0.1000 0.1000 0.1000 0.1000 0.1000 0.1000 0.1000 0.1000 0.1000 0.1000 0.1000 0.1194 0.6143 0.7719 0.3231 0.7647 0.6738 0.8143 0.3562 0.1839 0.7214 0.7483 0.1655 0.1000 0.1000 0.1000 0.1000 0.1000 -99999.0000 -99999.0000 -99999.0000 -99999.0000 -99999.0000 -99999.0000
-99999.0000 -99999.0000 -99999.0000 -99999.0000 -99999.0000 -99999.0000 -99999.0000 0.1000 0.1000 0.1000 0.1000 0.1000 0.1000 0.1000 0.1000 0.1000 0.1000 0.1000 0.1031 0.4677 0.7947 0.2064 0.1000 0.1000 0.1219 0.3500 0.7500 0.6969 0.2625 0.1032 0.1000 0.1000 0.1000 0.1000 0.1000 0.1000 0.1000 0.1000 0.1000 0.1000 0.1156 0.4796 0.7792 0.7516 0.8032 0.4677 0.7968 0.4194 0.1656 0.6161 0.8233 0.2645 0.1000 0.1000 0.1000 0.1000 0.1000 -99999.0000 -99999.0000 -99999.0000 -99999.0000 -99999.0000 -99999.0000
-99999.0000 -99999.0000 -99999.0000 -99999.0000 -99999.0000 0.1000 0.1000 0.1000 0.1000 0.1000 0.1000 0.1000 0.1000 0.1000 0.1000 0.1000 0.1000 0.1000 0.1000 0.1677 0.6729 0.6756 0.1483 0.1000 0.1000 0.1031 0.2263 0.7113 0.6500 0.1333 0.1000 0.1000 0.1000 0.1000 0.1000 0.1000 0.1000 0.1000 0.1000 0.1000 0.1000 0.1000 0.3625 0.8261 0.8404 0.3406 0.5400 0.7958 0.4633 0.3719 0.7500 0.5903 0.1156 0.1000 0.1000 0.1000 0.1000 -99999.0000 -99999.0000 -99999.0000 -99999.0000 -99999.0000 -99999.0000
-99999.0000 -99999.0000 -99999.0000 -99999.0000 0.0600 0.0964 0.1000 0.1000 0.1000 0.1000 0.1000 0.1000 0.1000 0.1000 0.1000 0.1000 0.1000 0.1000 0.1000 0.1000 0.4406 0.7806 0.2000 0.1000 0.1000 0.1000 0.1000 0.4661 0.7906 0.3719 0.1273 0.1000 0.1000 0.1000 0.1000 0.1000 0.1000 0.1000 0.1000 0.1000 0.1000 0.1000 0.3755 0.8250 0.8966 0.7250 0.6621 0.6778 0.7737 0.7333 0.8226 0.7667 0.2017 0.1063 0.1000 0.1000 0.1000 0.1000 -99999.0000 -99999.0000 -99999.0000 -99999.0000 -99999.0000
-99999.0000 -99999.0000 -99999.0000 -99999.0000 0.1000 0.1000 0.1000 0.1000 0.1000 0.1000 0.1000 0.1000 0.1000 0.1000 0.1000 0.1000 0.1000 0.1000 0.1000 0.1000 0.3719 0.7931 0.4062 0.1194 0.1000 0.1000 0.1000 0.1562 0.5400 0.7937 0.4344 0.1156 0.1000 0.1000 0.1000 0.1000 0.1000 0.1000 -99999.0000 0.1000 0.1000 0.1000 0.2033 0.6491 0.8695 0.5967 0.5522 0.5000 0.8556 0.8797 0.8750 0.8377 0.6259 0.4500 0.1840 0.1000 0.1000 0.1000 -99999.0000 -99999.0000 -99999.0000 -99999.0000 -99999.0000
-99999.0000 -99999.0000 -99999.0000 -99999.0000 0.1000 0.1000 0.1000 0.1000 0.1000 0.1000 0.1000 0.1000 0.1000 0.1000 0.1000 0.1000 0.1000 0.1000 0.1000 0.1000 0.1437 0.4844 0.7903 0.2387 0.1000 0.1000 0.1000 0.1000 0.1375 0.4923 0.7980 0.3118 0.1164 0.1000 0.1000 0.1000 -99999.0000 -99999.0000 -99999.0000 0.1000 0.1000 0.1000 0.1000 0.3595 0.8268 0.8123 0.4581 0.1244 0.2778 0.8758 0.8661 0.8873 0.8893 0.7829 0.3900 0.1475 0.1000 0.1000 0.1000 0.1000 -99999.0000 -99999.0000 -99999.0000
0.1000 0.1000 -99999.0000 0.1000 0.1000 0.1000 0.1000 0.1000 0.1000 0.1000 0.1000 0.1000 0.1000 0.1000 0.1000 0.1000 0.1000 0.1000 0.1000 0.1000 0.1000 0.2051 0.5967 0.2742 0.1000 0.1000 0.1000 0.1000 0.1000 0.1148 0.6333 0.7826 0.4480 0.1400 0.1000 0.3000 0.4000 0.1000 0.1000 0.1000 0.1000 0.1000 0.1000 0.1000 0.4000 0.8111 0.6767 0.1629 0.1000 0.3667 0.8286 0.7222 0.8049 0.6187 0.7967 0.4922 0.1000 0.1000 0.1000 0.1000 -99999.0000 -99999.0000 -99999.0000
0.1000 0.1000 0.1000 0.1000 0.1000 0.1000 0.1000 0.1000 0.1000 0.1000 0.1000 0.1000 0.1000 0.1000 0.1000 0.1000 0.1000 0.1000 0.1000 0.1000 0.1000 0.1000 0.1326 0.1035 0.1000 0.1000 0.1000 0.1000 0.1000 0.1000 0.1378 0.5441 0.8333 0.6600 0.2346 0.5927 0.8030 0.4541 0.2032 0.1000 0.1200 0.1130 0.1917 0.3600 0.2935 0.7809 0.5531 0.1169 0.1000 0.1400 0.7815 0.7966 0.7828 0.2219 0.3656 0.2750 0.1000 0.1000 0.1000 0.1000 -99999.0000 -99999.0000 -99999.0000
0.1000 0.1000 0.1000 0.1000 0.1000 0.1000 0.1000 0.1000 0.1000 0.1000 0.1000 0.1000 0.1000 0.1000 0.1000 0.1000 0.1000 0.1000 0.1000 0.1000 0.1000 0.1000 0.1000 0.1000 0.1000 0.1000 0.1000 0.1000 0.1000 0.1091 0.4116 0.7750 0.6500 0.6674 0.6857 0.4724 0.3703 0.8174 0.4742 0.2100 0.5774 0.8415 0.8036 0.7538 0.9000 0.9000 0.6860 0.1313 0.1000 0.1267 0.5783 0.8583 0.7933 0.2125 0.1000 0.1000 0.1000 0.1000 0.1000 0.1000 -99999.0000 -99999.0000 -99999.0000
-99999.0000 0.1000 0.1000 0.1000 0.1000 0.1000 0.1000 0.1000 0.1000 0.1000 0.1000 0.1000 0.1000 0.1000 0.1000 0.1000 0.1000 0.1000 0.1000 0.1065 0.1000 0.1000 0.1385 0.2037 0.2294 0.2652 0.1750 0.1217 0.1161 0.4017 0.7780 0.5276 0.1271 0.1571 0.5542 0.7719 0.6200 0.6464 0.8308 0.7615 0.7290 0.3667 0.4241 0.2846 0.1000 0.8286 0.7634 0.2550 0.1000 0.1000 0.5426 0.8018 0.7921 0.2153 0.1000 0.1000 0.1000 0.1000 0.1000 0.1000 0.1000 -99999.0000 -99999.0000
-99999.0000 -99999.0000 -99999.0000 0.1000 0.1000 0.1000 0.1000 0.1000 0.1000 0.1000 0.1000 0.1000 0.1000 0.1000 -99999.0000 0.1000 0.1000 0.1000 0.1769 0.5400 0.4931 0.4187 0.6400 0.8048 0.8179 0.7943 0.7200 0.6839 0.5679 0.7852 0.4746 0.1444 0.1000 0.1000 0.1258 0.2786 0.7533 0.8448 0.8643 0.5032 0.2034 0.1036 0.1000 0.1000 0.1000 0.1889 0.8136 0.5250 0.1094 0.1000 0.5143 0.8226 0.8686 0.4545 0.1000 0.1000 0.1000 0.1000 0.1000 0.1000 0.1000 -99999.0000 -99999.0000
-99999.0000 -99999.0000 -99999.0000 0.1000 0.1000 0.1000 0.1000 0.1000 0.1000 0.1000 0.1000 0.1000 -99999.0000 -99999.0000 0.1000 0.1000 0.1000 0.1000 0.1320 0.4608 0.8200 0.8667 0.8909 0.8073 0.4750 0.3129 0.4156 0.4833 0.5375 0.3903 0.1375 0.1000 0.1000 0.1000 0.1000 0.1000 0.1724 0.7161 0.5409 0.1344 0.1000 0.1000 0.1000 0.1000 0.1000 0.1368 0.6577 0.6714 0.1250 0.1000 0.3625 0.8125 0.7800 0.1939 0.1000 0.1000 0.1000 0.1000 0.1000 0.1000 0.1000 0.1000 -99999.0000
-99999.0000 -99999.0000 -99999.0000 0.1000 0.1000 0.1000 0.1000 0.1000 0.1000 0.1000 0.1000 0.1000 0.1000 -99999.0000 0.1000 0.1000 0.1000 0.1000 0.1000 0.1114 0.6462 0.8375 0.8862 0.4152 0.1125 0.1000 0.1000 0.1000 0.1000 0.1000 0.1000 0.1000 0.1000 0.1000 0.1000 0.1000 0.1115 0.4613 0.7481 0.2397 0.1000 0.1000 0.1032 0.2781 0.4302 0.2667 0.8650 0.6905 0.3313 0.1625 0.1581 0.7000 0.7582 0.1691 0.1000 0.1000 0.1000 0.1000 0.1000 0.1000 0.1000 0.1000 0.1000
-99999.0000 -99999.0000 -99999.0000 -99999.0000 -99999.0000 -99999.0000 0.1000 0.1000 0.1000 0.1000 0.3244 0.2524 0.1000 0.1000 0.1000 0.1000 0.1000 0.1000 0.1000 0.1000 0.3222 0.7258 0.8900 0.5643 0.1219 0.1000 0.1000 0.1000 0.1000 0.1000 0.1000 0.1000 0.1000 0.1000 0.1000 0.1000 0.1000 0.3250 0.8241 0.3169 0.1000 0.1000 0.1656 0.7000 0.5969 0.1844 0.4870 0.8804 0.8250 0.6308 0.2667 0.6000 0.8556 0.1000 0.1000 0.1000 0.1000 0.1000 0.1000 0.1000 0.1000 0.1000 0.1000
-99999.0000 -99999.0000 -99999.0000 -99999.0000 -99999.0000 -99999.0000 0.1000 0.1000 0.1000 -99999.0000 0.8862 0.4937 0.1000 0.1000 0.1000 0.1000 0.1000 0.1000 0.1000 0.1000 0.1100 0.4321 0.8677 0.4774 0.1000 0.1000 0.1000 0.1000 0.1000 0.1000 0.1000 0.1000 0.1000 0.1000 0.1000 0.1000 0.1000 0.2233 0.7839 0.4132 0.2754 0.2032 0.2667 0.7188 0.7161 0.5000 0.2481 0.6950 0.6123 0.8094 0.8130 0.7531 0.8697 0.1240 0.1000 0.1000 0.1000 0.1000 0.1313 0.3000 0.1500 0.1219 0.1000
-99999.0000 -99999.0000 -99999.0000 -99999.0000 -99999.0000 -99999.0000 -99999.0000 -99999.0000 -99999.0000 -99999.0000 0.8826 0.6705 0.1938 0.1000 0.1000 0.1000 0.1000 0.1000 0.1000 0.1000 0.1000 0.3727 0.8704 0.4156 0.1000 0.1000 0.1000 0.1000 0.1000 0.1000 0.1000 0.1000 0.1000 0.1000 0.1000 0.1000 0.1097 0.2937 0.8091 0.8429 0.7519 0.7484 0.7130 0.5364 0.6714 0.8167 0.3359 0.3500 0.2824 0.1960 0.7880 0.7467 0.8469 0.4538 0.2738 0.3032 0.2032 0.1548 0.2188 0.7312 0.6759 0.6562 0.4452
-99999.0000 -99999.0000 -99999.0000 -99999.0000 -99999.0000 -99999.0000 -99999.0000 -99999.0000 -99999.0000 -99999.0000 0.5000 0.4298 0.1733 0.1000 0.1000 0.1000 0.1000 0.1000 0.1000 0.1000 0.1095 0.5219 0.8828 0.4786 0.1094 0.1000 0.1000 0.1000 0.1000 0.1000 0.1000 0.1000 0.1528 0.1719 0.1031 0.1562 0.4115 0.7038 0.8556 0.7000 0.3824 0.7214 0.8647 0.3529 0.1133 0.1480 0.3095 0.2613 0.1118 0.2167 0.6771 0.7294 0.7967 0.8311 0.8051 0.7719 0.7633 0.7222 0.2714 0.3069 0.3361 0.4587 0.6562
