data01/NG.asc
NCOLS 73
NROWS 78
XLLCORNER 114.8409628900
YLLCORNER 27.1302345400
CELLSIZE 0.100000
NODATA_VALUE -99999.0000
[rows 0 to 27 of 78, columns 0 to 62 of 73]
-99999.0000 -99999.0000 -99999.0000 -99999.0000 -99999.0000 -99999.0000 -99999.0000 -99999.0000 -99999.0000 -99999.0000 -99999.0000 -99999.0000 -99999.0000 -99999.0000 -99999.0000 0.3000 0.2714 0.2356 0.2311 0.2545 0.2800 0.3000 -99999.0000 -99999.0000 -99999.0000 -99999.0000 -99999.0000 -99999.0000 -99999.0000 -99999.0000 -99999.0000 -99999.0000 -99999.0000 -99999.0000 -99999.0000 -99999.0000 -99999.0000 -99999.0000 -99999.0000 0.3727 0.2864 0.3316 0.3717 0.4176 -99999.0000 -99999.0000 -99999.0000 -99999.0000 -99999.0000 -99999.0000 -99999.0000 -99999.0000 -99999.0000 -99999.0000 -99999.0000 -99999.0000 -99999.0000 -99999.0000 -99999.0000 -99999.0000 -99999.0000 -99999.0000 -99999.0000
-99999.0000 -99999.0000 -99999.0000 -99999.0000 -99999.0000 -99999.0000 -99999.0000 -99999.0000 -99999.0000 -99999.0000 -99999.0000 -99999.0000 -99999.0000 -99999.0000 -99999.0000 0.4500 0.4750 0.4742 0.4733 0.4750 0.4814 0.4917 0.5000 -99999.0000 -99999.0000 -99999.0000 -99999.0000 -99999.0000 -99999.0000 -99999.0000 -99999.0000 -99999.0000 -99999.0000 -99999.0000 -99999.0000 -99999.0000 -99999.0000 -99999.0000 0.7000 0.6059 0.5038 0.5281 0.6098 0.6700 0.8400 0.9000 -99999.0000 -99999.0000 -99999.0000 -99999.0000 -99999.0000 -99999.0000 -99999.0000 -99999.0000 -99999.0000 -99999.0000 -99999.0000 -99999.0000 -99999.0000 -99999.0000 -99999.0000 -99999.0000 -99999.0000
-99999.0000 -99999.0000 -99999.0000 -99999.0000 -99999.0000 -99999.0000 -99999.0000 -99999.0000 -99999.0000 -99999.0000 -99999.0000 -99999.0000 -99999.0000 -99999.0000 -99999.0000 0.6682 0.6750 0.6947 0.7071 0.7000 0.7109 0.6966 0.6167 -99999.0000 -99999.0000 -99999.0000 -99999.0000 -99999.0000 -99999.0000 0.9000 0.7667 0.7667 0.7769 -99999.0000 -99999.0000 -99999.0000 0.9000 0.9000 0.8529 0.7281 0.7258 0.7437 0.8034 0.8829 0.9000 0.9000 0.8000 0.0000 -99999.0000 -99999.0000 -99999.0000 -99999.0000 -99999.0000 -99999.0000 -99999.0000 -99999.0000 -99999.0000 -99999.0000 -99999.0000 -99999.0000 -99999.0000 -99999.0000 -99999.0000
-99999.0000 -99999.0000 -99999.0000 -99999.0000 -99999.0000 -99999.0000 -99999.0000 -99999.0000 -99999.0000 -99999.0000 -99999.0000 -99999.0000 -99999.0000 0.9000 0.8143 0.8778 0.8733 0.8969 0.9000 0.9000 0.9000 0.9000 0.9000 0.9000 0.9000 0.9000 -99999.0000 -99999.0000 0.9000 0.9000 0.9000 0.9000 0.9000 0.9000 -99999.0000 0.9000 0.9000 0.9000 0.9000 0.9000 0.9000 0.9000 0.9000 0.8920 0.8317 0.7742 0.6875 0.5423 -99999.0000 -99999.0000 -99999.0000 -99999.0000 -99999.0000 -99999.0000 -99999.0000 -99999.0000 -99999.0000 -99999.0000 -99999.0000 -99999.0000 -99999.0000 -99999.0000 -99999.0000
-99999.0000 -99999.0000 -99999.0000 -99999.0000 -99999.0000 -99999.0000 -99999.0000 -99999.0000 -99999.0000 -99999.0000 -99999.0000 -99999.0000 -99999.0000 0.8182 0.8869 0.8891 0.8750 0.8750 0.8750 0.8750 0.8750 0.8742 0.8410 0.7333 0.8022 0.8300 0.7593 0.6333 0.7508 0.8967 0.9000 0.8805 0.8288 0.7500 -99999.0000 0.8000 0.8250 0.8547 0.8964 0.9000 0.8923 0.8258 0.7937 0.7188 0.8797 0.6063 0.4964 0.4086 0.2900 0.1800 0.1000 -99999.0000 -99999.0000 -99999.0000 -99999.0000 -99999.0000 -99999.0000 -99999.0000 -99999.0000 -99999.0000 -99999.0000 -99999.0000 -99999.0000
-99999.0000 -99999.0000 -99999.0000 -99999.0000 -99999.0000 -99999.0000 -99999.0000 -99999.0000 -99999.0000 -99999.0000 -99999.0000 -99999.0000 -99999.0000 0.7588 0.7000 0.6644 0.6312 0.6250 0.6231 0.6250 0.6250 0.6250 0.6300 0.6412 0.6382 0.6186 0.5642 0.5063 0.6594 0.8333 0.9000 0.8500 0.7000 0.8020 0.9000 0.7737 0.6900 0.6452 0.7478 0.8900 0.9000 0.8219 0.7031 0.6016 0.5574 0.4483 0.3188 0.2719 0.1373 0.1000 0.1000 0.1000 0.1000 -99999.0000 -99999.0000 -99999.0000 -99999.0000 -99999.0000 -99999.0000 -99999.0000 -99999.0000 -99999.0000 -99999.0000
-99999.0000 -99999.0000 -99999.0000 -99999.0000 -99999.0000 -99999.0000 -99999.0000 -99999.0000 -99999.0000 -99999.0000 -99999.0000 -99999.0000 -99999.0000 -99999.0000 0.5000 0.5000 0.5000 0.4085 0.4250 0.4250 0.4241 0.4226 0.4143 0.4500 0.3872 0.4333 0.3762 0.4300 0.5581 0.7423 0.8966 0.8937 0.7222 0.7930 0.9000 0.8213 0.6750 0.5034 0.6061 0.7542 0.9000 0.9000 0.8781 0.7784 0.6535 0.5419 0.4406 0.3231 0.2371 0.1222 0.1000 0.1000 0.1000 0.1000 0.1000 -99999.0000 -99999.0000 -99999.0000 -99999.0000 -99999.0000 -99999.0000 -99999.0000 -99999.0000
-99999.0000 -99999.0000 -99999.0000 -99999.0000 -99999.0000 -99999.0000 -99999.0000 -99999.0000 -99999.0000 -99999.0000 -99999.0000 -99999.0000 -99999.0000 -99999.0000 -99999.0000 -99999.0000 0.1800 0.2148 0.1750 0.1750 0.1769 0.1609 0.1809 0.1316 0.1615 0.1600 0.2368 0.3237 0.5000 0.6781 0.8562 0.9000 0.9000 0.7857 0.9000 0.8250 0.6750 0.4850 0.4808 0.5545 0.7350 0.8406 0.9000 0.9000 0.8447 0.7295 0.6238 0.5278 0.4127 0.2871 0.1473 0.1000 0.1000 0.1000 0.1000 -99999.0000 -99999.0000 -99999.0000 -99999.0000 -99999.0000 -99999.0000 -99999.0000 -99999.0000
-99999.0000 -99999.0000 -99999.0000 -99999.0000 -99999.0000 -99999.0000 -99999.0000 0.1000 0.1000 0.1000 0.1000 -99999.0000 -99999.0000 -99999.0000 -99999.0000 -99999.0000 0.1000 0.1000 0.1000 0.1000 0.1000 0.1000 0.1000 0.1000 0.1000 0.1000 0.1000 0.2574 0.4467 0.5938 0.7714 0.9000 0.9000 -99999.0000 0.9000 0.8333 0.6774 0.5125 0.4763 0.5000 0.5327 0.6625 0.7625 0.8833 0.9000 0.8878 0.8038 0.6918 0.5807 0.4500 0.3316 0.2115 0.1094 0.1000 0.1000 -99999.0000 -99999.0000 -99999.0000 -99999.0000 -99999.0000 -99999.0000 -99999.0000 -99999.0000
-99999.0000 -99999.0000 -99999.0000 -99999.0000 -99999.0000 -99999.0000 -99999.0000 0.1000 0.1000 0.1000 0.1000 0.1000 -99999.0000 -99999.0000 -99999.0000 -99999.0000 -99999.0000 0.1000 0.1000 0.1000 0.1000 0.1000 0.1000 0.1000 0.1000 0.1000 0.1000 0.1750 0.3387 0.5241 0.7000 0.8729 0.9000 0.9000 0.9000 0.8770 0.7600 0.7129 0.6562 0.6161 0.5645 0.5143 0.5889 0.6959 0.7937 0.8900 0.9000 0.8639 0.7429 0.6545 0.5000 0.3750 0.2625 0.1344 0.1000 0.1000 -99999.0000 -99999.0000 -99999.0000 -99999.0000 -99999.0000 -99999.0000 -99999.0000
-99999.0000 -99999.0000 -99999.0000 -99999.0000 -99999.0000 -99999.0000 0.1000 0.1000 0.1000 0.1000 0.1000 0.1000 0.1000 -99999.0000 -99999.0000 0.1000 0.1000 0.1000 0.1000 0.1000 0.1000 0.1000 0.1000 0.1000 0.1000 0.1000 0.1000 0.1094 0.2812 0.4406 0.5327 0.6837 0.7710 0.8651 0.9000 0.9000 0.9000 0.8966 0.8742 0.8312 0.7594 0.6552 0.5349 0.5164 0.6226 0.7190 0.8556 0.9000 0.8903 0.7800 0.6655 0.5406 0.4258 0.3063 0.1781 0.1000 -99999.0000 -99999.0000 -99999.0000 -99999.0000 -99999.0000 -99999.0000 -99999.0000
-99999.0000 -99999.0000 -99999.0000 -99999.0000 -99999.0000 -99999.0000 -99999.0000 0.2471 0.1406 0.1000 0.1000 0.1000 0.1000 0.1000 0.1000 0.1000 0.1000 0.1000 0.1000 0.1000 0.1000 0.1000 0.1000 0.1000 0.1000 0.1000 0.1000 0.1000 0.1406 0.2938 0.4133 0.4938 0.6156 0.7710 0.9000 0.8792 0.8200 0.8587 0.9000 0.9000 0.8968 0.8143 0.6937 0.5885 0.5000 0.5590 0.6810 0.8062 0.8968 0.9000 0.8414 0.7000 0.5724 0.4577 0.2917 0.1280 0.1000 -99999.0000 -99999.0000 -99999.0000 -99999.0000 -99999.0000 -99999.0000
-99999.0000 -99999.0000 -99999.0000 -99999.0000 -99999.0000 -99999.0000 -99999.0000 0.3846 0.3375 0.2375 0.1400 0.1032 0.1000 0.1000 0.1000 0.1000 0.1000 0.1000 0.1000 0.1000 0.1000 0.1000 0.1000 0.1000 0.1000 0.1000 0.1000 0.1000 0.1000 0.1161 0.2621 0.3750 0.5750 0.7710 0.9000 0.8750 0.6927 0.6593 0.6707 0.7750 0.8844 0.9000 0.8509 0.7323 0.6194 0.5000 0.5032 0.6387 0.7469 0.8774 0.9000 0.8774 0.7194 0.5548 0.3938 0.2714 0.1000 -99999.0000 -99999.0000 -99999.0000 -99999.0000 -99999.0000 -99999.0000
-99999.0000 -99999.0000 -99999.0000 -99999.0000 -99999.0000 0.9000 0.7583 0.6697 0.5375 0.4375 0.3419 0.2594 0.1667 0.1032 0.1000 0.2828 0.5078 0.1000 0.1000 0.1000 0.1000 0.1000 0.1000 0.1000 0.1000 0.1000 0.1000 0.1000 0.1000 0.1000 0.2188 0.3750 0.5750 0.7750 0.9000 0.8750 0.7000 0.5000 0.4906 0.6062 0.7312 0.8103 0.9000 0.8870 0.7105 0.5406 0.4033 0.4583 0.5867 0.7063 0.8594 0.9000 0.8375 0.6656 0.5000 0.3133 0.2800 -99999.0000 -99999.0000 -99999.0000 -99999.0000 -99999.0000 -99999.0000
-99999.0000 -99999.0000 -99999.0000 -99999.0000 0.5400 0.8673 0.8906 0.8125 0.7194 0.6355 0.5323 0.4375 0.3406 0.2762 0.1600 0.1172 0.1703 0.1000 0.1000 0.1000 0.1000 0.2887 0.1141 0.1000 0.1000 0.1000 0.1000 0.1000 0.1000 0.1000 0.1909 0.3750 0.5750 0.7526 0.9000 0.8750 0.7000 0.5000 0.3333 0.4608 0.5760 0.7074 0.8660 0.9000 0.7847 0.6062 0.4379 0.3333 0.4316 0.6000 0.7419 0.8963 0.8966 0.7571 0.5903 0.4375 0.3000 0.3000 -99999.0000 -99999.0000 -99999.0000 -99999.0000 -99999.0000
-99999.0000 -99999.0000 -99999.0000 -99999.0000 0.7909 0.8672 0.9000 0.9000 0.8906 0.8097 0.7194 0.6375 0.5381 0.4365 0.3406 0.2594 0.1625 0.1031 0.1000 0.1000 0.1000 0.5190 0.1422 0.1000 0.1000 0.1000 0.1000 0.1000 0.1000 0.1000 0.1750 0.3750 0.5750 0.7275 0.9000 0.8825 0.7000 0.5000 -99999.0000 0.3286 0.4692 0.6250 0.7867 0.9000 0.8525 0.6900 0.5087 0.3105 0.3278 0.4898 0.6531 0.8016 0.9000 0.8500 0.6920 0.5200 0.3531 0.3000 -99999.0000 -99999.0000 -99999.0000 -99999.0000 -99999.0000
-99999.0000 -99999.0000 -99999.0000 -99999.0000 0.9000 0.9000 0.9000 0.9000 0.9000 0.9000 0.8906 0.8067 0.7222 0.6397 0.5375 0.4333 0.3473 0.2395 0.2063 0.1437 0.1094 0.1000 0.1000 0.1000 0.1000 0.1000 0.1000 0.1000 0.1000 0.1000 0.1367 0.3941 0.5557 0.7000 0.9000 0.9000 -99999.0000 -99999.0000 -99999.0000 0.3000 0.3923 0.5437 0.7182 0.9000 0.8951 0.7211 0.5581 0.3976 0.3000 0.4394 0.5441 0.7032 0.8821 0.9000 0.7733 0.5814 0.3689 0.2391 0.1000 0.1000 -99999.0000 -99999.0000 -99999.0000
0.1000 0.2333 -99999.0000 0.7000 0.7560 0.8226 0.8900 0.9000 0.9000 0.9000 0.9000 0.9000 0.8906 0.7833 0.7188 0.6375 0.5491 0.4860 0.3966 0.3563 0.2932 0.2254 0.1800 0.1226 0.1000 0.1000 0.1000 0.1000 0.1000 0.1000 0.1872 0.3826 0.5280 0.7250 0.9000 0.9000 0.7000 0.5000 0.3857 0.1313 0.3000 0.4873 0.6400 0.8364 0.9000 0.8048 0.6467 0.4486 0.3000 0.3000 0.5000 0.6746 0.8770 0.9000 0.7800 0.5941 0.3222 0.2246 0.1000 0.1000 -99999.0000 -99999.0000 -99999.0000
0.1000 0.2022 0.3111 0.4529 0.5500 0.6250 0.7063 0.7750 0.8594 0.9000 0.9000 0.9000 0.9000 0.9000 0.8906 0.8125 0.7437 0.6812 0.6226 0.5562 0.5034 0.4796 0.3605 0.3175 0.2563 0.1923 0.1276 0.1032 0.1000 0.1000 0.1973 0.3644 0.5233 0.7200 0.9000 0.9000 0.7242 0.5164 0.3516 0.1275 0.2280 0.4391 0.6167 0.7733 0.9000 0.8574 0.6781 0.5034 0.3526 0.3000 0.5000 0.6724 0.8862 0.9000 0.7750 0.5750 0.3667 0.2226 0.1000 0.1000 -99999.0000 -99999.0000 -99999.0000
0.1000 0.1038 0.1875 0.2750 0.3387 0.4250 0.5000 0.5750 0.6625 0.7727 0.8639 0.8962 0.9000 0.9000 0.9000 0.9000 0.9000 0.8844 0.8312 0.7960 0.7154 0.6238 0.5681 0.5444 0.4375 0.3703 0.3583 0.2680 0.2000 0.1591 0.1977 0.3179 0.5583 0.7093 0.9000 0.9000 0.7270 0.5087 0.3194 0.1667 0.1774 0.3634 0.5464 0.7038 0.9000 0.8909 0.7175 0.5312 0.3385 0.3000 0.4826 0.6833 0.8800 0.9000 0.7750 0.5750 0.3800 0.2250 0.1000 0.1000 -99999.0000 -99999.0000 -99999.0000
-99999.0000 0.1000 0.1000 0.1043 0.1467 0.2250 0.3000 0.3774 0.4625 0.5207 0.6641 0.7406 0.8375 0.8951 0.9000 0.9000 0.9000 0.9000 0.9000 0.9000 0.8969 0.8562 0.8154 0.7481 0.6882 0.6348 0.5500 0.4826 0.4097 0.3475 0.2898 0.3345 0.5271 0.7286 0.9000 0.9000 0.7267 0.5286 0.3308 0.1846 0.1323 0.3222 0.5000 0.7000 0.9000 0.9000 0.7683 0.6000 0.4869 0.3936 0.4915 0.6789 0.8778 0.9000 0.8077 0.5667 0.3750 0.1938 0.1000 0.1000 0.1000 -99999.0000 -99999.0000
-99999.0000 -99999.0000 -99999.0000 0.1000 0.1000 0.1000 0.1103 0.1759 0.2800 0.3625 0.4625 0.5635 0.6867 0.7000 -99999.0000 0.8800 0.9000 0.9000 0.9000 0.9000 0.9000 0.9000 0.9000 0.9000 0.8786 0.8057 0.7600 0.6935 0.6286 0.5444 0.4905 0.4467 0.5231 0.7258 0.9000 0.9000 0.7267 0.5276 0.3571 0.2710 0.2862 0.3291 0.4879 0.7000 0.8000 0.9000 0.8409 0.7594 0.6531 0.5419 0.5107 0.6935 0.8725 0.9000 0.7264 0.5516 0.3750 0.1781 0.1625 0.2306 0.3000 -99999.0000 -99999.0000
-99999.0000 -99999.0000 -99999.0000 0.1000 0.1000 0.1000 0.1000 0.1000 0.1094 0.1800 0.2812 0.3536 -99999.0000 -99999.0000 0.5000 0.7000 0.7552 0.7800 0.8640 0.9000 0.9000 0.9000 0.9000 0.9000 0.9000 0.9000 0.9000 0.8792 0.8250 0.7581 0.6937 0.6250 0.5900 0.7036 0.8821 0.9000 0.7276 0.5258 0.4682 0.4688 0.5063 0.5538 0.5800 0.6657 0.8102 0.9000 0.9000 0.8968 0.8375 0.7188 0.6281 0.7250 0.9000 0.9000 0.7250 0.5267 0.3438 0.2875 0.3406 0.4375 0.4750 0.7000 -99999.0000
-99999.0000 -99999.0000 -99999.0000 0.1000 0.1000 0.1000 0.1000 0.1000 0.1000 0.1000 0.1113 0.1820 0.1571 -99999.0000 0.4133 0.3900 0.7000 0.6455 0.6567 0.7457 0.7923 0.8417 0.8897 0.9000 0.9000 0.9000 0.9000 0.9000 0.9000 0.9000 0.8844 0.8438 0.7867 0.7750 0.8828 0.9000 0.7423 0.7000 0.6704 0.6810 0.7203 0.7733 0.7968 0.8438 0.8905 0.9000 0.8850 0.8778 0.9000 0.8906 0.7806 0.7258 0.9000 0.8818 0.7067 0.5255 0.3478 0.4365 0.5375 0.6375 0.7178 0.8750 0.9000
-99999.0000 -99999.0000 -99999.0000 -99999.0000 -99999.0000 -99999.0000 0.1000 0.1000 0.1000 0.1000 0.1000 0.1000 0.1000 0.1087 0.1921 0.2525 0.2941 0.3756 0.4563 0.5254 0.6037 0.6419 0.7067 0.7786 0.8312 0.8833 0.9000 0.9000 0.9000 0.9000 0.9000 0.9000 0.9000 0.9000 0.9000 0.9000 0.9000 0.8969 0.8724 0.8831 0.9000 0.9000 0.9000 0.9000 0.8937 0.9000 0.8435 0.7118 0.8062 0.8962 0.8833 0.8080 0.9000 0.8579 0.6750 0.5246 0.5583 0.6309 0.7375 0.8226 0.8900 0.9000 0.8702
-99999.0000 -99999.0000 -99999.0000 -99999.0000 -99999.0000 -99999.0000 0.1000 0.1000 0.1000 -99999.0000 0.1000 0.1000 0.1000 0.1000 0.1000 0.1000 0.1600 0.7000 0.2839 0.3095 0.3700 0.4434 0.5000 0.5581 0.6388 0.6902 0.7467 0.8040 0.8821 0.9000 0.9000 0.9000 0.8630 0.8000 0.8600 0.8158 0.8279 0.8667 0.8903 0.9000 0.9000 0.9000 0.9000 0.8812 0.8355 0.9000 0.8259 0.6350 0.6684 0.8434 0.9000 0.9000 0.9000 0.8440 0.7094 0.7219 0.7733 0.8619 0.8969 0.9000 0.8833 0.7875 0.7000
-99999.0000 -99999.0000 -99999.0000 -99999.0000 -99999.0000 -99999.0000 -99999.0000 -99999.0000 -99999.0000 -99999.0000 0.1000 0.1000 0.1000 0.1000 0.1000 0.1000 0.1000 0.1000 0.1000 0.1164 0.1562 0.2127 0.2852 0.3563 0.4088 0.4695 0.5406 0.6062 0.6875 0.7667 0.8419 0.8956 0.9000 0.8906 0.8889 0.7552 0.7032 0.7000 0.7909 0.9000 0.8296 0.7452 0.8478 0.8939 0.9000 0.9000 0.8179 0.6591 0.6000 0.6920 0.8840 0.9000 0.9000 0.9000 0.8869 0.9000 0.9000 0.9000 0.8781 0.7875 0.7000 0.6125 0.5129
-99999.0000 -99999.0000 -99999.0000 -99999.0000 -99999.0000 -99999.0000 -99999.0000 -99999.0000 -99999.0000 -99999.0000 0.1000 0.1000 0.1000 0.1000 0.1000 0.1000 0.1000 0.1000 0.1000 0.1000 0.1000 0.1000 0.1103 0.1500 0.2063 0.2563 0.3375 0.4071 0.4875 0.5625 0.6643 0.7230 0.7717 0.8719 0.9000 0.9000 0.8654 0.7846 0.7556 0.9000 0.8647 0.8714 0.7353 0.7706 0.8533 0.9000 0.9000 0.9806 0.7686 0.6889 0.7286 0.7824 0.8967 0.9000 0.8898 0.8312 0.8133 0.7698 0.6873 0.5966 0.5098 0.4143 0.3125
