data01/NG.asc
NCOLS 73
NROWS 78
XLLCORNER 114.8409628900
YLLCORNER 27.1302345400
CELLSIZE 0.100000
NODATA_VALUE -99999.0000
[rows 28 to 55 of 78, columns 0 to 62 of 73]
-99999.0000 -99999.0000 -99999.0000 -99999.0000 -99999.0000 -99999.0000 -99999.0000 -99999.0000 -99999.0000 -99999.0000 0.1000 0.1000 0.1000 0.1000 0.1000 0.1000 0.1000 0.1000 0.1000 0.1000 0.1000 0.1000 0.1000 0.1000 0.1000 0.1000 0.1305 0.2071 0.2875 0.3625 0.4556 0.5138 0.5938 0.6806 0.7750 0.8308 0.8964 0.9000 0.9000 0.9000 0.9000 0.7607 0.5885 0.5154 0.6655 0.7557 0.8627 0.9135 0.8984 0.8750 0.7581 0.7000 0.8627 0.9000 0.7836 0.6849 0.6444 0.5971 0.5129 0.4818 0.3270 0.2138 0.1333
-99999.0000 -99999.0000 -99999.0000 -99999.0000 -99999.0000 -99999.0000 -99999.0000 -99999.0000 -99999.0000 -99999.0000 0.1000 0.1000 0.1000 0.1000 0.1000 0.1000 0.1000 0.1000 0.1000 0.1000 0.1000 0.1000 0.1000 0.1000 0.1000 0.1000 0.1000 0.1000 0.1094 0.1645 0.2379 0.3125 0.3903 0.4789 0.5590 0.6400 0.7250 0.8184 0.7533 0.7000 0.9000 0.8333 0.6517 0.4842 0.4875 0.5982 0.6959 0.7625 0.8781 0.9000 0.8873 0.7963 0.9000 0.9000 0.8231 0.7308 0.5098 0.5444 0.2931 0.1800 0.1000 0.1000 0.1000
-99999.0000 -99999.0000 -99999.0000 -99999.0000 -99999.0000 -99999.0000 -99999.0000 -99999.0000 -99999.0000 -99999.0000 0.1000 0.1000 0.1000 0.1000 0.1000 0.1000 0.1000 0.1000 0.1000 0.1000 0.1000 0.1000 0.1000 0.1000 0.1000 0.1000 0.1562 0.1703 0.1000 0.1000 0.1000 0.1219 0.1938 0.2770 0.3603 0.4437 0.5267 0.5258 0.6115 0.7375 0.9000 0.8774 0.6920 0.5148 0.3375 0.3977 0.4930 0.5839 0.6931 0.8233 0.9000 0.9000 0.9000 0.8800 0.9000 0.7667 0.6739 0.8939 0.3296 0.2000 0.1000 0.1000 0.1000
-99999.0000 -99999.0000 -99999.0000 -99999.0000 -99999.0000 -99999.0000 -99999.0000 0.1000 0.1000 0.1000 0.1000 0.1000 0.1000 0.1000 0.1000 0.1000 0.1000 0.1000 0.1000 0.1000 0.1000 0.1000 0.1000 0.1000 0.1000 0.1000 0.3177 0.4516 0.1000 0.1000 0.1000 0.1000 0.1000 0.1100 0.1635 0.2538 0.3308 0.3857 0.5133 0.7000 0.8808 0.9000 0.7467 0.5600 0.3733 0.2797 0.3041 0.4556 0.5200 0.6565 0.7333 -99999.0000 0.9000 0.7930 0.8951 0.9000 0.8111 0.6067 0.4527 0.2895 0.1286 0.1000 0.1000
-99999.0000 -99999.0000 -99999.0000 -99999.0000 -99999.0000 -99999.0000 0.1000 0.1000 0.1000 0.1000 0.1000 0.1000 0.1000 0.1000 0.1000 0.1000 0.1000 0.1000 0.1000 0.1000 0.1000 0.1000 0.1000 0.1000 0.1000 0.1000 0.1000 0.1000 0.1000 0.1000 0.1000 0.1000 0.1000 0.1000 0.1000 0.1000 0.1222 0.2839 0.4563 0.6438 0.8250 0.9000 0.8043 0.6200 0.4400 0.2614 0.1143 0.2826 0.3833 0.5186 0.7000 0.8037 0.8929 0.8857 0.8937 0.9000 0.8913 0.7173 0.6444 0.3417 0.2583 0.2206 0.2532
-99999.0000 -99999.0000 -99999.0000 -99999.0000 -99999.0000 0.1000 0.0932 0.1000 0.1000 0.1000 0.1000 0.1000 0.1000 0.1000 0.1000 0.1000 0.1000 0.1000 0.1000 0.1000 0.1000 0.1000 0.1000 0.1000 0.1000 0.1000 0.1000 0.1000 -99999.0000 0.1000 0.1000 0.1000 0.1000 0.1000 0.1000 0.1000 0.1000 0.2333 0.4019 0.5806 0.7536 0.9000 0.8700 0.6875 0.5000 0.3111 0.2091 0.1111 0.2283 0.3444 0.5296 0.6574 0.8000 0.8875 0.9000 0.9000 0.9000 0.9024 0.9269 0.5000 0.3774 0.4294 0.4417
-99999.0000 -99999.0000 -99999.0000 -99999.0000 -99999.0000 0.1000 0.1000 0.1000 0.1000 0.1000 0.1000 0.1000 0.1000 0.1000 0.1000 0.1000 0.1000 0.1000 0.1000 0.1000 0.1000 0.1000 0.1000 0.1000 0.1000 0.1000 0.1000 0.1000 0.1000 0.1000 0.1000 0.1000 0.1000 0.1000 0.1000 0.1000 0.1000 0.1562 0.3286 0.5308 0.7000 0.9000 0.9000 0.7437 0.5679 0.3714 0.1429 0.1000 0.1000 0.2048 0.3809 0.5000 0.6909 0.8500 0.8895 0.9000 0.9098 0.9000 0.8172 0.7000 0.8000 0.6379 0.6500
-99999.0000 -99999.0000 -99999.0000 -99999.0000 -99999.0000 0.1000 0.1000 0.1000 0.1000 0.1000 0.1000 0.1000 0.1000 0.1000 0.1000 0.1000 0.1000 0.1000 0.1000 0.1000 0.1000 0.1000 0.1000 0.1000 0.1000 0.1000 0.1000 0.1000 0.1000 0.1000 0.1000 0.1000 0.1000 0.1000 0.1000 0.1000 0.1000 0.1094 0.2855 0.5000 0.7000 0.8652 0.9000 0.8067 0.5919 0.4048 0.2565 0.1000 0.1000 0.1095 0.2551 0.3000 0.6000 0.7000 0.7667 0.7714 0.8913 0.9000 0.9000 0.9240 0.8795 0.8600 0.9000
-99999.0000 -99999.0000 -99999.0000 -99999.0000 -99999.0000 -99999.0000 0.1000 0.1000 0.1000 0.1000 0.1000 0.1000 0.1000 0.1000 0.1000 0.1000 0.1000 0.1000 0.1000 0.1000 0.1000 0.1000 0.1000 0.1000 0.1000 0.1000 0.1000 0.1000 0.1000 0.1000 0.1000 0.1000 0.1000 0.1000 0.2500 0.5027 0.1750 0.2071 0.2725 0.3308 0.6429 0.7923 0.9000 0.8684 0.6714 0.4923 0.3000 0.1148 0.1000 0.1000 0.1000 -99999.0000 -99999.0000 -99999.0000 0.5667 0.6220 0.6810 0.8333 0.9000 0.9889 0.9074 0.9000 0.9000
-99999.0000 -99999.0000 -99999.0000 -99999.0000 -99999.0000 -99999.0000 0.1000 0.1000 -99999.0000 0.1000 0.1000 0.1000 0.1000 0.1000 0.1000 0.1000 0.1000 0.1000 0.1000 0.1000 0.1000 0.1000 0.1000 0.1000 0.1000 0.1000 0.1000 0.1031 0.1250 0.1043 0.1520 0.2333 0.2739 0.2903 0.3587 0.5500 0.3968 0.4000 0.4613 0.4483 0.5298 0.7067 0.9000 0.8963 0.7241 0.5437 0.3590 0.2600 0.2077 0.1952 0.1977 -99999.0000 -99999.0000 -99999.0000 0.3286 0.5571 0.7421 0.8875 0.9000 0.7800 0.7250 0.8040 0.8636
-99999.0000 -99999.0000 -99999.0000 -99999.0000 -99999.0000 -99999.0000 -99999.0000 -99999.0000 -99999.0000 0.1000 0.1000 0.1000 0.1000 0.1000 0.1000 0.1000 0.1000 0.1000 0.1000 0.1000 0.1000 0.1133 0.1250 0.1688 0.1813 0.2226 0.2563 0.2905 0.3148 0.4500 0.4217 0.4280 0.4655 0.5071 0.5456 0.5667 0.6161 0.6579 0.6778 0.6627 0.7000 0.7000 0.8508 0.9000 0.7937 0.6194 0.4871 0.4742 0.4286 0.4143 0.3945 0.5000 -99999.0000 0.3000 0.3118 0.5375 0.7333 0.9000 0.8875 0.7000 0.7286 0.7486 0.7902
-99999.0000 -99999.0000 -99999.0000 -99999.0000 -99999.0000 -99999.0000 -99999.0000 -99999.0000 -99999.0000 -99999.0000 -99999.0000 0.0833 0.1000 0.1000 0.1000 0.1000 0.1031 0.1437 0.2063 0.2404 0.2786 0.3237 0.3327 0.3730 0.4032 0.4355 0.4774 0.5069 0.5182 0.5000 0.5933 0.6438 0.6897 0.7219 0.7536 0.7951 0.8290 0.8714 0.8698 0.8698 0.8438 0.8286 0.8581 0.9000 0.8469 0.7250 0.7031 0.6770 0.6623 0.6250 0.7600 0.6373 0.6500 0.7000 0.7000 0.7000 0.7435 0.9000 0.9000 0.8818 0.8909 0.9000 0.9000
-99999.0000 -99999.0000 -99999.0000 -99999.0000 -99999.0000 -99999.0000 -99999.0000 -99999.0000 -99999.0000 -99999.0000 0.1000 0.0967 0.1000 0.1000 0.1037 0.1667 0.2594 0.3406 0.4188 0.4429 0.4841 0.5089 0.5000 0.5821 0.6345 0.6517 0.7000 0.7364 0.8030 0.8459 0.8311 0.8687 0.8844 0.9000 0.9000 0.9000 0.9000 0.8906 0.8738 0.8818 0.9000 0.9000 0.9000 0.9000 0.9000 0.9000 0.9000 0.8814 0.8939 0.8562 0.8290 0.8259 0.7833 0.8292 0.8722 0.8913 0.9000 0.9000 0.9000 0.9000 0.9000 0.9000 0.9000
-99999.0000 -99999.0000 -99999.0000 -99999.0000 -99999.0000 -99999.0000 -99999.0000 -99999.0000 -99999.0000 0.1000 0.1000 0.1000 0.1031 0.1625 0.2625 0.3645 0.4437 0.5375 0.6187 0.6667 0.7042 0.7312 0.8600 0.8148 0.8288 0.8742 0.8886 0.9000 0.9000 0.9000 0.9000 0.8906 0.8750 0.8312 0.8000 0.7800 0.7323 0.6937 0.6750 0.6844 0.7156 0.7312 0.7750 0.7812 0.8250 0.8213 0.8390 0.8733 0.8742 0.8969 0.9000 0.9000 0.9068 0.9000 0.8898 0.8833 0.8937 0.9000 0.9000 0.9000 0.9000 0.9000 0.9000
-99999.0000 -99999.0000 -99999.0000 -99999.0000 -99999.0000 -99999.0000 -99999.0000 -99999.0000 -99999.0000 0.1000 0.1094 0.1875 0.2750 0.3625 0.4625 0.5467 0.6333 0.7261 0.8250 0.8831 0.9000 0.9000 0.9000 0.9000 0.9000 0.8714 0.8250 0.8216 0.8032 0.7542 0.7292 0.6937 0.6533 0.6250 0.5813 0.5692 0.5097 0.4781 0.4313 0.4688 0.4900 0.5241 0.5437 0.5750 0.5867 0.6250 0.6333 0.6562 0.6920 0.6969 0.7233 0.7467 0.7970 0.8636 0.8700 0.8902 0.9000 0.9000 0.8811 0.8649 0.8120 0.7353 0.7269
-99999.0000 -99999.0000 -99999.0000 -99999.0000 -99999.0000 -99999.0000 -99999.0000 -99999.0000 -99999.0000 0.1000 0.2830 0.3750 0.4556 0.5444 0.6581 0.7406 0.8609 0.9052 0.9000 0.8844 0.8613 0.8436 0.8300 0.7235 0.7275 0.6837 0.6379 0.6187 0.5750 0.5557 0.5000 0.4774 0.4400 0.4062 0.3750 0.3313 0.2938 0.2563 0.2250 0.2313 0.2692 0.2739 0.3250 0.3563 0.3750 0.3830 0.4143 0.4250 0.4440 0.4750 0.5211 0.6610 0.8154 0.9000 0.9000 0.8750 0.7906 0.7185 0.7098 0.6312 0.6017 0.5941 0.6500
-99999.0000 -99999.0000 -99999.0000 -99999.0000 -99999.0000 -99999.0000 -99999.0000 -99999.0000 -99999.0000 -99999.0000 0.5077 0.5625 0.6714 0.8000 0.8391 0.8969 0.9297 0.9050 0.7875 0.6935 0.6581 0.5872 0.5105 0.5250 0.5036 0.4661 0.4404 0.4500 0.4500 0.3281 0.2933 0.2563 0.2250 0.1929 0.1562 0.1250 0.1031 0.1000 0.1000 0.1000 0.1000 0.1031 0.1250 0.1286 0.1667 0.1909 0.1578 0.2250 0.2323 0.3097 0.4864 0.6721 0.8769 0.9077 0.8045 0.6564 0.6070 0.5661 0.4512 0.4290 0.3723 0.3000 -99999.0000
-99999.0000 -99999.0000 -99999.0000 -99999.0000 -99999.0000 -99999.0000 -99999.0000 -99999.0000 -99999.0000 -99999.0000 0.7067 0.7533 0.8594 0.9000 0.9000 0.8594 0.7750 0.6867 0.5875 0.5000 0.4152 0.4867 0.3000 0.3000 0.2839 0.2438 0.2064 0.1000 0.1000 0.1200 0.1032 0.1000 0.1000 0.1000 0.1000 0.1000 0.1000 0.1000 0.1000 0.1000 0.1000 0.1000 0.1000 0.1000 0.1000 0.1000 0.1000 0.1000 0.1437 0.3313 0.5207 0.7280 0.9195 0.9784 0.7400 0.5370 0.4324 0.5231 0.2806 0.2034 0.1970 0.3000 0.1000
-99999.0000 -99999.0000 -99999.0000 -99999.0000 -99999.0000 -99999.0000 -99999.0000 -99999.0000 -99999.0000 -99999.0000 0.7667 0.9000 0.9000 0.8594 0.7678 0.6709 0.5889 0.4918 0.4250 0.3118 0.2455 0.1455 0.1264 0.1161 0.1000 0.1000 0.1000 0.1000 0.1000 0.1000 0.1000 0.1000 0.1000 0.1000 0.1000 0.1000 0.1000 0.1000 0.1000 0.1000 0.1000 0.1000 0.1000 0.1000 0.1000 0.1000 0.1000 0.1000 0.1764 0.3873 0.5353 0.7356 0.9000 0.8200 0.7000 0.4636 0.3000 0.1519 0.1000 0.1000 0.1000 0.1000 0.1000
-99999.0000 -99999.0000 -99999.0000 -99999.0000 -99999.0000 -99999.0000 -99999.0000 -99999.0000 -99999.0000 -99999.0000 -99999.0000 0.9000 0.7653 0.6613 0.5667 0.4714 0.4571 0.2756 0.2143 0.1255 0.1000 0.1000 0.1000 0.1000 0.1000 0.1000 0.1000 0.1000 0.1000 0.1000 0.1000 0.1000 0.1000 0.1000 0.1000 0.1000 0.1000 0.1000 0.1000 0.1000 0.1000 0.1000 0.1000 0.1000 0.1000 0.1000 0.1000 0.1000 0.2347 0.4288 0.6175 0.7980 0.9000 0.7000 0.6000 0.4600 0.2474 0.1000 0.1000 0.1000 0.1000 0.1000 0.1000
-99999.0000 -99999.0000 -99999.0000 -99999.0000 -99999.0000 -99999.0000 -99999.0000 -99999.0000 -99999.0000 -99999.0000 -99999.0000 -99999.0000 0.5545 0.4667 0.4455 0.3069 0.1688 0.1146 0.1000 0.1000 0.1000 0.1000 0.1000 0.1000 0.1000 0.1000 0.1000 0.1000 0.1000 0.1000 0.1000 0.1000 0.1000 0.1000 0.1000 0.1000 0.1000 0.1000 0.1000 0.1000 0.1000 0.1000 0.1000 0.1000 0.1000 0.1000 0.1000 0.1031 0.2781 0.4688 0.6429 0.8405 0.9000 0.8591 0.5471 0.4150 0.1857 0.1000 0.1000 0.1000 0.1000 0.1000 0.4484
-99999.0000 -99999.0000 -99999.0000 -99999.0000 -99999.0000 -99999.0000 -99999.0000 -99999.0000 -99999.0000 -99999.0000 -99999.0000 -99999.0000 0.3800 0.3000 0.1308 0.1000 0.1000 0.1000 -99999.0000 0.1000 0.1000 0.1000 0.1000 0.1000 0.1000 0.1000 0.1000 0.1000 0.1000 0.1000 0.1000 0.1000 0.1000 0.1000 0.1000 0.1000 0.1000 0.1000 0.1000 0.1000 0.1000 0.1000 0.1000 0.1000 0.1000 0.1000 0.1000 0.1333 0.3219 0.5095 0.7000 0.8918 0.9000 0.7508 0.5571 0.3492 0.1784 0.1000 0.1000 0.1000 0.1000 0.1000 0.1000
-99999.0000 -99999.0000 -99999.0000 -99999.0000 -99999.0000 -99999.0000 -99999.0000 -99999.0000 -99999.0000 -99999.0000 -99999.0000 -99999.0000 0.1000 0.1000 0.1000 0.1000 0.1000 0.1000 -99999.0000 0.1000 0.1000 0.1000 0.1000 0.1000 0.1000 0.1000 0.1000 0.1000 0.1000 0.1000 0.1000 0.1000 0.1000 0.1000 0.1000 0.1000 0.1000 0.1000 0.1000 0.1000 0.1000 0.1000 0.1000 0.1000 0.1000 0.1000 0.1000 0.1813 0.3600 0.5468 0.7459 0.9000 0.8781 0.6875 0.5071 0.3067 0.1219 0.1000 0.1000 0.1000 0.1000 0.1000 0.1426
-99999.0000 -99999.0000 -99999.0000 -99999.0000 -99999.0000 -99999.0000 -99999.0000 -99999.0000 -99999.0000 -99999.0000 -99999.0000 -99999.0000 -99999.0000 0.1000 0.1000 -99999.0000 -99999.0000 -99999.0000 0.1000 0.1000 0.1000 0.1000 0.1000 -99999.0000 -99999.0000 0.0846 0.0968 0.1000 0.1000 0.1000 0.1000 0.1000 0.1000 0.1000 0.1000 0.1000 0.1000 0.1000 0.1000 0.1000 0.1000 0.1000 0.1000 0.1000 0.1000 0.1219 0.1730 0.2700 0.4209 0.6062 0.7937 0.9000 0.8250 0.6422 0.4348 0.2472 0.1000 0.1000 0.1000 0.1000 0.1000 0.1219 0.2867
-99999.0000 -99999.0000 -99999.0000 -99999.0000 -99999.0000 -99999.0000 -99999.0000 -99999.0000 -99999.0000 -99999.0000 -99999.0000 -99999.0000 -99999.0000 -99999.0000 -99999.0000 -99999.0000 -99999.0000 -99999.0000 0.1000 0.1000 0.1000 0.1000 0.1000 -99999.0000 -99999.0000 -99999.0000 0.1000 0.1000 0.1000 0.1000 0.1000 0.1000 0.1000 0.1000 0.1000 0.1000 0.1000 0.1000 0.1000 0.1000 0.1000 0.1000 0.1850 0.2220 0.2710 0.3290 0.3825 0.4571 0.5508 0.6844 0.8562 0.9000 0.7786 0.5686 0.3694 0.2063 0.1000 0.1000 0.1000 0.1000 0.1000 0.2125 0.3875
-99999.0000 -99999.0000 -99999.0000 -99999.0000 -99999.0000 -99999.0000 -99999.0000 -99999.0000 -99999.0000 -99999.0000 -99999.0000 -99999.0000 -99999.0000 -99999.0000 -99999.0000 -99999.0000 -99999.0000 -99999.0000 0.1000 0.1000 0.1000 -99999.0000 -99999.0000 -99999.0000 -99999.0000 -99999.0000 -99999.0000 -99999.0000 -99999.0000 -99999.0000 0.1000 0.1000 0.1000 0.1000 0.1000 0.1000 0.1000 0.1000 0.1031 0.1192 0.1545 0.3800 0.3000 0.4152 0.4841 0.5441 0.5929 0.6500 0.7267 0.8375 0.8969 0.9172 0.7446 0.5312 0.3452 0.1593 0.1000 0.1000 0.1000 0.1000 0.1264 0.3000 0.4806
-99999.0000 -99999.0000 -99999.0000 -99999.0000 -99999.0000 -99999.0000 -99999.0000 -99999.0000 -99999.0000 -99999.0000 -99999.0000 -99999.0000 -99999.0000 -99999.0000 -99999.0000 -99999.0000 -99999.0000 -99999.0000 -99999.0000 -99999.0000 -99999.0000 -99999.0000 -99999.0000 -99999.0000 -99999.0000 -99999.0000 -99999.0000 -99999.0000 -99999.0000 -99999.0000 -99999.0000 -99999.0000 0.1000 0.1000 0.1000 0.1000 0.1156 0.1857 0.2278 0.3900 0.5000 0.5292 0.6333 0.6756 0.7000 0.7571 0.8097 0.8562 0.8969 0.9000 0.8692 0.8393 0.7172 0.4812 0.3067 0.1107 0.1000 0.1000 0.1000 0.1000 0.2023 0.3667 0.5562
-99999.0000 -99999.0000 -99999.0000 -99999.0000 -99999.0000 -99999.0000 -99999.0000 -99999.0000 -99999.0000 -99999.0000 -99999.0000 -99999.0000 -99999.0000 -99999.0000 -99999.0000 -99999.0000 -99999.0000 -99999.0000 -99999.0000 -99999.0000 -99999.0000 -99999.0000 -99999.0000 -99999.0000 -99999.0000 -99999.0000 -99999.0000 -99999.0000 -99999.0000 -99999.0000 -99999.0000 -99999.0000 0.1000 0.1057 0.1429 0.2290 0.3067 0.3889 0.4708 0.5632 0.6375 0.7125 0.7903 0.8500 0.8906 0.9000 0.9000 0.9000 0.9000 0.8065 0.6810 0.5767 0.4837 0.3448 0.1938 0.1000 0.1000 0.1000 0.1000 0.1094 0.2812 0.4480 0.6419
