data01/POP.asc
NCOLS 73
NROWS 78
XLLCORNER 114.8409628900
YLLCORNER 27.1302345400
CELLSIZE 0.100000
NODATA_VALUE -99999.0000
[rows 0 to 27 of 78, columns 0 to 62 of 73]
-99999.0000 -99999.0000 -99999.0000 -99999.0000 -99999.0000 -99999.0000 -99999.0000 -99999.0000 -99999.0000 -99999.0000 -99999.0000 -99999.0000 -99999.0000 -99999.0000 -99999.0000 0.8273 0.6238 0.6034 0.6656 0.7000 0.6300 0.7000 -99999.0000 -99999.0000 -99999.0000 -99999.0000 -99999.0000 -99999.0000 -99999.0000 -99999.0000 -99999.0000 -99999.0000 -99999.0000 -99999.0000 -99999.0000 -99999.0000 -99999.0000 -99999.0000 -99999.0000 0.3364 0.5678 0.6333 0.6396 0.5471 -99999.0000 -99999.0000 -99999.0000 -99999.0000 -99999.0000 -99999.0000 -99999.0000 -99999.0000 -99999.0000 -99999.0000 -99999.0000 -99999.0000 -99999.0000 -99999.0000 -99999.0000 -99999.0000 -99999.0000 -99999.0000 -99999.0000
-99999.0000 -99999.0000 -99999.0000 -99999.0000 -99999.0000 -99999.0000 -99999.0000 -99999.0000 -99999.0000 -99999.0000 -99999.0000 -99999.0000 -99999.0000 -99999.0000 -99999.0000 0.7786 0.7094 0.7258 0.7133 0.6937 0.6721 0.6708 0.0000 -99999.0000 -99999.0000 -99999.0000 -99999.0000 -99999.0000 -99999.0000 -99999.0000 -99999.0000 -99999.0000 -99999.0000 -99999.0000 -99999.0000 -99999.0000 -99999.0000 -99999.0000 0.9000 0.8059 0.5943 0.5031 0.5000 0.3900 0.2700 0.1857 -99999.0000 -99999.0000 -99999.0000 -99999.0000 -99999.0000 -99999.0000 -99999.0000 -99999.0000 -99999.0000 -99999.0000 -99999.0000 -99999.0000 -99999.0000 -99999.0000 -99999.0000 -99999.0000 -99999.0000
-99999.0000 -99999.0000 -99999.0000 -99999.0000 -99999.0000 -99999.0000 -99999.0000 -99999.0000 -99999.0000 -99999.0000 -99999.0000 -99999.0000 -99999.0000 -99999.0000 -99999.0000 0.6773 0.7000 0.6789 0.7143 0.7000 0.7000 0.6881 0.3375 -99999.0000 -99999.0000 -99999.0000 -99999.0000 -99999.0000 -99999.0000 0.7000 0.7000 0.5667 0.1923 -99999.0000 -99999.0000 -99999.0000 0.9000 0.8120 0.7941 0.8368 0.8774 0.7844 0.7483 0.5229 0.3560 0.6231 0.6222 0.0000 -99999.0000 -99999.0000 -99999.0000 -99999.0000 -99999.0000 -99999.0000 -99999.0000 -99999.0000 -99999.0000 -99999.0000 -99999.0000 -99999.0000 -99999.0000 -99999.0000 -99999.0000
-99999.0000 -99999.0000 -99999.0000 -99999.0000 -99999.0000 -99999.0000 -99999.0000 -99999.0000 -99999.0000 -99999.0000 -99999.0000 -99999.0000 -99999.0000 0.5444 0.5667 0.6778 0.7200 0.7156 0.7344 0.7000 0.7000 0.7000 0.7500 0.9000 0.9000 0.7947 -99999.0000 -99999.0000 0.5600 0.6308 0.7203 0.7211 0.6854 0.7000 -99999.0000 0.9000 0.9000 0.9000 0.9000 0.8922 0.8933 0.9000 0.8640 0.4040 0.6659 0.8581 0.7525 0.6115 -99999.0000 -99999.0000 -99999.0000 -99999.0000 -99999.0000 -99999.0000 -99999.0000 -99999.0000 -99999.0000 -99999.0000 -99999.0000 -99999.0000 -99999.0000 -99999.0000 -99999.0000
-99999.0000 -99999.0000 -99999.0000 -99999.0000 -99999.0000 -99999.0000 -99999.0000 -99999.0000 -99999.0000 -99999.0000 -99999.0000 -99999.0000 -99999.0000 0.5409 0.7131 0.7145 0.7000 0.7031 0.7156 0.7031 0.8000 0.7806 0.8705 0.5833 0.9000 0.7800 0.6852 0.7000 0.6407 0.7417 0.7625 0.7195 0.7136 0.4667 -99999.0000 0.7000 0.9000 0.8660 0.8964 0.9000 0.8846 0.9000 0.6937 0.4906 0.8969 0.9000 0.8891 0.8371 0.8100 0.5400 0.9000 -99999.0000 -99999.0000 -99999.0000 -99999.0000 -99999.0000 -99999.0000 -99999.0000 -99999.0000 -99999.0000 -99999.0000 -99999.0000 -99999.0000
-99999.0000 -99999.0000 -99999.0000 -99999.0000 -99999.0000 -99999.0000 -99999.0000 -99999.0000 -99999.0000 -99999.0000 -99999.0000 -99999.0000 -99999.0000 0.7000 0.7000 0.7000 0.7000 0.7000 0.7000 0.7031 0.7250 0.7969 0.8550 0.7314 0.7000 0.6695 0.6925 0.7000 0.7000 0.7000 0.7491 0.7000 0.7159 0.5612 0.6290 0.7158 0.7467 0.7032 0.8391 0.8833 0.7968 0.7562 0.8094 0.8238 0.8803 0.9000 0.9000 0.9000 0.8661 0.8750 0.8800 0.9000 0.9000 -99999.0000 -99999.0000 -99999.0000 -99999.0000 -99999.0000 -99999.0000 -99999.0000 -99999.0000 -99999.0000 -99999.0000
-99999.0000 -99999.0000 -99999.0000 -99999.0000 -99999.0000 -99999.0000 -99999.0000 -99999.0000 -99999.0000 -99999.0000 -99999.0000 -99999.0000 -99999.0000 -99999.0000 0.7000 0.6067 0.7000 0.6051 0.7125 0.7000 0.7000 0.7000 0.7857 0.6000 0.2538 0.4193 0.8175 0.8233 0.7065 0.7000 0.7000 0.6750 0.7056 0.7233 0.7032 0.7098 0.7000 0.7000 0.7041 0.7208 0.7000 0.7000 0.7969 0.8804 0.8860 0.8839 0.8906 0.7962 0.8314 0.9000 0.9000 0.8333 0.8136 0.8644 0.9000 -99999.0000 -99999.0000 -99999.0000 -99999.0000 -99999.0000 -99999.0000 -99999.0000 -99999.0000
-99999.0000 -99999.0000 -99999.0000 -99999.0000 -99999.0000 -99999.0000 -99999.0000 -99999.0000 -99999.0000 -99999.0000 -99999.0000 -99999.0000 -99999.0000 -99999.0000 -99999.0000 -99999.0000 0.1400 0.6541 0.7000 0.7000 0.7000 0.7174 0.7511 0.7421 0.4538 0.6200 0.7526 0.7644 0.7125 0.7000 0.6906 0.6962 0.7000 0.8143 0.7340 0.7156 0.7000 0.7000 0.7154 0.7000 0.7500 0.7063 0.7630 0.7500 0.7383 0.7492 0.7540 0.8944 0.9000 0.9000 0.8418 0.7102 0.7469 0.8968 0.9000 -99999.0000 -99999.0000 -99999.0000 -99999.0000 -99999.0000 -99999.0000 -99999.0000 -99999.0000
-99999.0000 -99999.0000 -99999.0000 -99999.0000 -99999.0000 -99999.0000 -99999.0000 0.7000 0.4455 0.5250 0.7000 -99999.0000 -99999.0000 -99999.0000 -99999.0000 -99999.0000 0.7000 0.7000 0.7063 0.6531 0.5667 0.6695 0.7327 0.7594 0.7161 0.7143 0.7210 0.7098 0.7300 0.7594 0.7679 0.8000 0.7105 -99999.0000 0.7706 0.7000 0.7129 0.6969 0.7339 0.6737 0.7000 0.7000 0.7000 0.7000 0.7098 0.7000 0.7000 0.8673 0.9000 0.8300 0.7035 0.7066 0.7156 0.8531 0.9000 -99999.0000 -99999.0000 -99999.0000 -99999.0000 -99999.0000 -99999.0000 -99999.0000 -99999.0000
-99999.0000 -99999.0000 -99999.0000 -99999.0000 -99999.0000 -99999.0000 -99999.0000 0.7000 0.7000 0.7000 0.6417 0.7000 -99999.0000 -99999.0000 -99999.0000 -99999.0000 -99999.0000 0.7600 0.7483 0.4800 0.4955 0.6714 0.7632 0.7188 0.7375 0.7734 0.8328 0.8344 0.7387 0.7172 0.7508 0.7508 0.7145 0.6568 0.7348 0.6934 0.6933 0.6968 0.7000 0.7484 0.6871 0.7000 0.7000 0.7000 0.7812 0.8433 0.8695 0.8902 0.7929 0.6864 0.6821 0.8187 0.8906 0.9000 0.9000 0.9000 -99999.0000 -99999.0000 -99999.0000 -99999.0000 -99999.0000 -99999.0000 -99999.0000
-99999.0000 -99999.0000 -99999.0000 -99999.0000 -99999.0000 -99999.0000 0.0000 0.6850 0.7000 0.7000 0.7000 0.6378 0.7000 -99999.0000 -99999.0000 0.9000 0.5727 0.8591 0.8283 0.7222 0.5200 0.7437 0.7250 0.7000 0.7812 0.7625 0.8937 0.8656 0.8156 0.7281 0.7286 0.6918 0.7000 0.5857 0.5857 0.6930 0.7067 0.7000 0.7000 0.7125 0.7063 0.7138 0.8270 0.7721 0.8032 0.8175 0.8778 0.8065 0.7871 0.7633 0.7207 0.8937 0.9000 0.9000 0.9000 0.9000 -99999.0000 -99999.0000 -99999.0000 -99999.0000 -99999.0000 -99999.0000 -99999.0000
-99999.0000 -99999.0000 -99999.0000 -99999.0000 -99999.0000 -99999.0000 -99999.0000 0.5353 0.6875 0.6630 0.6677 0.7000 0.5303 0.0000 0.3937 0.6897 0.8844 0.9000 0.8927 0.8935 0.7625 0.7312 0.7250 0.7000 0.7063 0.7875 0.8750 0.8567 0.8375 0.7312 0.7333 0.7906 0.7250 0.7161 0.6419 0.5917 0.7000 0.7000 0.7000 0.7125 0.7000 0.7000 0.7375 0.7077 0.7706 0.8115 0.8143 0.7000 0.7161 0.7786 0.8724 0.8931 0.9000 0.9000 0.8833 0.9000 0.9000 -99999.0000 -99999.0000 -99999.0000 -99999.0000 -99999.0000 -99999.0000
-99999.0000 -99999.0000 -99999.0000 -99999.0000 -99999.0000 -99999.0000 -99999.0000 0.5923 0.7000 0.7000 0.7000 0.7161 0.7034 0.6340 0.6891 0.7000 0.7937 0.8367 0.8969 0.8935 0.8053 0.6574 0.7138 0.7000 0.7000 0.7688 0.8800 0.8438 0.8687 0.8968 0.8483 0.8969 0.9000 0.8968 0.7933 0.7375 0.6964 0.7074 0.7000 0.7000 0.6875 0.6837 0.7000 0.6871 0.6935 0.7000 0.7129 0.7000 0.7063 0.7387 0.8300 0.8258 0.9000 0.9000 0.9000 0.9000 0.9000 -99999.0000 -99999.0000 -99999.0000 -99999.0000 -99999.0000 -99999.0000
-99999.0000 -99999.0000 -99999.0000 -99999.0000 -99999.0000 0.7000 0.5833 0.5727 0.6781 0.7000 0.7000 0.7031 0.7100 0.7065 0.7000 0.7000 0.7125 0.8344 0.8906 0.8613 0.7678 0.7000 0.6862 0.7000 0.7433 0.8219 0.8509 0.8547 0.8867 0.9000 0.9000 0.9000 0.9000 0.9000 0.9000 0.9000 0.9000 0.7200 0.7063 0.7000 0.6875 0.4793 0.4500 0.6739 0.7000 0.7000 0.7000 0.6917 0.6933 0.7000 0.7000 0.7032 0.8719 0.9000 0.9000 0.9000 0.9000 -99999.0000 -99999.0000 -99999.0000 -99999.0000 -99999.0000 -99999.0000
-99999.0000 -99999.0000 -99999.0000 -99999.0000 0.4200 0.6236 0.7000 0.7000 0.7000 0.7000 0.7000 0.7000 0.7000 0.7000 0.7000 0.7031 0.7719 0.8875 0.8937 0.8625 0.8219 0.7032 0.7031 0.7276 0.8344 0.8875 0.8797 0.8729 0.8750 0.8937 0.8818 0.8937 0.8969 0.8737 0.8867 0.9000 0.9000 0.7000 0.7222 0.7000 0.6960 0.3481 0.3906 0.7000 0.7000 0.7000 0.7000 0.7000 0.6842 0.6833 0.7129 0.7000 0.6695 0.7603 0.8097 0.9000 0.9000 0.9000 -99999.0000 -99999.0000 -99999.0000 -99999.0000 -99999.0000
-99999.0000 -99999.0000 -99999.0000 -99999.0000 0.7000 0.7000 0.7000 0.7000 0.7000 0.7000 0.7000 0.7000 0.7000 0.7000 0.7531 0.8594 0.8875 0.8625 0.8933 0.8937 0.8781 0.7241 0.8187 0.9000 0.9000 0.8932 0.8742 0.8750 0.8433 0.8969 0.8812 0.9000 0.8969 0.8961 0.9000 0.9000 0.9000 0.9000 -99999.0000 0.7000 0.7615 0.7219 0.6833 0.7000 0.7000 0.7000 0.7391 0.7526 0.6944 0.6966 0.7000 0.6869 0.6259 0.5000 0.5240 0.8533 0.9000 0.9000 -99999.0000 -99999.0000 -99999.0000 -99999.0000 -99999.0000
-99999.0000 -99999.0000 -99999.0000 -99999.0000 0.7000 0.7000 0.7000 0.7000 0.7000 0.7000 0.7000 0.7000 0.7000 0.7000 0.7344 0.7667 0.8236 0.8814 0.8438 0.9000 0.8719 0.8125 0.8774 0.9000 0.9000 0.9000 0.9000 0.9000 0.8906 0.8808 0.9000 0.9000 0.9000 0.9000 0.9000 0.9000 -99999.0000 -99999.0000 -99999.0000 0.9000 0.9000 0.9000 0.8576 0.7000 0.7000 0.7000 0.7774 0.8317 0.8111 0.6758 0.7000 0.7000 0.6714 0.6366 0.6567 0.8186 0.9000 0.9000 0.7920 0.0000 -99999.0000 -99999.0000 -99999.0000
0.7000 0.2333 -99999.0000 0.7000 0.5320 0.7000 0.7000 0.6833 0.7000 0.7000 0.7000 0.7000 0.7000 0.7000 0.7000 0.7000 0.8158 0.8404 0.8483 0.8750 0.9000 0.9000 0.9000 0.9000 0.9000 0.9000 0.9000 0.9000 0.9000 0.9000 0.9000 0.9000 0.9000 0.9000 0.9000 0.9000 0.9000 0.9000 0.9000 0.9000 0.9000 0.9000 0.9000 0.8636 0.7700 0.7000 0.7100 0.8029 0.8273 0.7000 0.7071 0.7190 0.7557 0.7500 0.8567 0.9000 0.9000 0.9000 0.8386 0.0000 -99999.0000 -99999.0000 -99999.0000
0.7000 0.6689 0.5444 0.6451 0.6542 0.7000 0.7000 0.6344 0.6656 0.6933 0.6625 0.7000 0.7065 0.7067 0.7000 0.8062 0.8500 0.8719 0.8581 0.9000 0.9000 0.9000 0.9000 0.9000 0.9000 0.9000 0.9000 0.9000 0.9000 0.9000 0.9000 0.9000 0.9000 0.9000 0.9000 0.9000 0.9000 0.9000 0.9000 0.9000 0.9000 0.9000 0.9000 0.9000 0.8806 0.7170 0.7000 0.8051 0.8368 0.7533 0.7222 0.7000 0.7759 0.8812 0.8875 0.9000 0.9000 0.9000 0.9000 0.9000 -99999.0000 -99999.0000 -99999.0000
0.7000 0.7000 0.7000 0.7000 0.6935 0.6875 0.6094 0.5844 0.6469 0.5945 0.7000 0.7000 0.7000 0.7000 0.7133 0.7467 0.7969 0.8156 0.8656 0.8880 0.9000 0.9000 0.9000 0.8889 0.7125 0.4081 0.5458 0.9000 0.9000 0.9000 0.9000 0.9000 0.9000 0.9000 0.9000 0.9000 0.9000 0.9000 0.9000 0.9000 0.9000 0.9000 0.9000 0.9000 0.9000 0.8727 0.8649 0.8937 0.8692 0.7311 0.7130 0.7042 0.7067 0.7937 0.9000 0.9000 0.9000 0.9000 0.9000 0.9000 -99999.0000 -99999.0000 -99999.0000
-99999.0000 0.7000 0.7000 0.7000 0.6933 0.7000 0.6323 0.6548 0.5063 0.4034 0.5000 0.6656 0.6875 0.7000 0.7000 0.7000 0.7031 0.7143 0.7161 0.7419 0.8719 0.9000 0.9000 0.8704 0.2294 0.3913 0.5893 0.8913 0.8935 0.9000 0.9000 0.9000 0.9000 0.9000 0.8390 0.9000 0.9000 0.9000 0.9000 0.9000 0.9000 0.9000 0.9000 0.9000 0.9000 0.9000 0.8902 0.9000 0.9000 0.8234 0.7000 0.7035 0.6905 0.7610 0.8641 0.8700 0.9000 0.9000 0.9000 0.9000 0.9000 -99999.0000 -99999.0000
-99999.0000 -99999.0000 -99999.0000 0.7000 0.7000 0.7000 0.7000 0.7000 0.6667 0.5875 0.6469 0.6841 0.7000 0.7000 -99999.0000 0.7000 0.7103 0.7111 0.7000 0.7000 0.7207 0.8375 0.8733 0.9000 0.8786 0.9000 0.9000 0.9000 0.8929 0.9000 0.9000 0.9000 0.9000 0.9000 0.9000 0.9000 0.9000 0.9000 0.9000 0.9000 0.9000 0.9000 0.9000 0.9000 0.9000 0.9000 0.9000 0.9000 0.9000 0.7258 0.7214 0.7129 0.7157 0.7409 0.8962 0.8839 0.9000 0.9000 0.9000 0.9000 0.9000 -99999.0000 -99999.0000
-99999.0000 -99999.0000 -99999.0000 0.7000 0.7000 0.7000 0.7000 0.7000 0.7000 0.7000 0.7000 0.7000 -99999.0000 -99999.0000 0.7000 0.7000 0.7276 0.7080 0.7000 0.5667 0.6080 0.7222 0.7000 0.8512 0.9000 0.9000 0.9000 0.9000 0.8937 0.9000 0.9000 0.9000 0.9000 0.9000 0.9000 0.9000 0.9000 0.9000 0.9000 0.9000 0.9000 0.8923 0.8855 0.9000 0.9000 0.8895 0.8846 0.7667 0.5500 0.5375 0.6375 0.7000 0.7222 0.8551 0.7437 0.7533 0.8562 0.8844 0.9000 0.9000 0.9000 0.0000 -99999.0000
-99999.0000 -99999.0000 -99999.0000 0.4846 0.7000 0.7000 0.7000 0.7000 0.7000 0.7063 0.7340 0.8508 0.8429 -99999.0000 0.7133 0.7600 0.7000 0.7909 0.8467 0.8143 0.4692 0.3125 0.6517 0.8697 0.9000 0.9000 0.9000 0.9000 0.9000 0.9000 0.9000 0.9000 0.9000 0.9000 0.9000 0.9000 0.9000 0.8548 0.7556 0.7508 0.8085 0.8833 0.8935 0.8094 0.7286 0.7143 0.5900 0.5127 0.4938 0.4969 0.6000 0.6677 0.7036 0.7255 0.7000 0.7000 0.7000 0.7222 0.7937 0.7750 0.7178 0.1969 0.0000
-99999.0000 -99999.0000 -99999.0000 -99999.0000 -99999.0000 -99999.0000 0.6767 0.6953 0.7390 0.7320 0.9000 0.9000 0.9000 0.7783 0.8651 0.7610 0.8294 0.9000 0.9000 0.9000 0.6037 0.3903 0.6033 0.8821 0.9000 0.9000 0.9000 0.9000 0.9000 0.9000 0.9000 0.9000 0.9000 0.9000 0.9000 0.9000 0.9000 0.8375 0.7483 0.7203 0.7127 0.7542 0.8312 0.7031 0.6937 0.6867 0.6826 0.5078 0.4938 0.5038 0.3833 0.5400 0.7000 0.6789 0.7000 0.6719 0.7000 0.7000 0.7000 0.7000 0.7000 0.6883 0.6766
-99999.0000 -99999.0000 -99999.0000 -99999.0000 -99999.0000 -99999.0000 0.0000 0.6625 0.8333 -99999.0000 0.9000 0.9000 0.9000 0.9000 0.9000 0.9000 0.9000 0.9000 0.9000 0.9000 0.7600 0.6019 0.8710 0.9000 0.9000 0.9000 0.9000 0.9000 0.9000 0.9000 0.9000 0.9000 0.9000 0.8826 0.7440 0.8474 0.9000 0.9000 0.7774 0.7000 0.7000 0.7323 0.7074 0.7000 0.6935 0.4867 0.6407 0.6250 0.5386 0.5000 0.4478 0.6125 0.7000 0.7000 0.7000 0.7000 0.7000 0.7000 0.6875 0.7000 0.7000 0.7000 0.7067
-99999.0000 -99999.0000 -99999.0000 -99999.0000 -99999.0000 -99999.0000 -99999.0000 -99999.0000 -99999.0000 -99999.0000 0.8217 0.9000 0.9000 0.9000 0.8758 0.9000 0.9000 0.9000 0.9000 0.9000 0.9000 0.9000 0.9000 0.9000 0.9000 0.9000 0.9000 0.9000 0.9000 0.9000 0.9000 0.9000 0.9000 0.9000 0.6056 0.8345 0.9000 0.8969 0.6964 0.7000 0.7148 0.7129 0.6609 0.6818 0.7143 0.6917 0.6487 0.6318 0.6118 0.5800 0.5080 0.6967 0.7000 0.7000 0.7000 0.7000 0.7000 0.7000 0.7000 0.7000 0.7000 0.6937 0.7097
-99999.0000 -99999.0000 -99999.0000 -99999.0000 -99999.0000 -99999.0000 -99999.0000 -99999.0000 -99999.0000 -99999.0000 0.7000 0.9000 0.9000 0.8934 0.9000 0.9000 0.9000 0.9000 0.9000 0.9000 0.9000 0.9000 0.9000 0.9000 0.9000 0.9000 0.9000 0.9000 0.9000 0.9000 0.9000 0.9000 0.9000 0.9000 0.8812 0.8969 0.8385 0.7346 0.7000 0.7000 0.7000 0.4571 0.5529 0.7235 0.8000 0.4280 0.4333 0.5516 0.5157 0.6722 0.5800 0.6647 0.7000 0.7000 0.6831 0.6969 0.7000 0.7000 0.7000 0.6931 0.6803 0.6683 0.7000
