data01/POP.asc
NCOLS 73
NROWS 78
XLLCORNER 114.8409628900
YLLCORNER 27.1302345400
CELLSIZE 0.100000
NODATA_VALUE -99999.0000
[rows 28 to 55 of 78, columns 0 to 62 of 73]
-99999.0000 -99999.0000 -99999.0000 -99999.0000 -99999.0000 -99999.0000 -99999.0000 -99999.0000 -99999.0000 -99999.0000 0.7200 0.9000 0.9000 0.8933 0.8871 0.8937 0.8687 0.8875 0.9000 0.9000 0.9000 0.9000 0.9000 0.9000 0.9000 0.9000 0.9000 0.9000 0.9000 0.9000 0.9000 0.9000 0.9000 0.9000 0.9000 0.8269 0.6964 0.7000 0.7000 0.1000 0.1857 0.5929 0.8192 0.9000 0.8690 0.8508 0.7644 0.7538 0.6875 0.5167 0.5129 0.6960 0.7000 0.6937 0.6818 0.6283 0.7000 0.7000 0.6742 0.5909 0.6892 0.6793 0.6333
-99999.0000 -99999.0000 -99999.0000 -99999.0000 -99999.0000 -99999.0000 -99999.0000 -99999.0000 -99999.0000 -99999.0000 0.6750 0.9000 0.9000 0.9000 0.8562 0.8625 0.7969 0.7250 0.8531 0.9000 0.8875 0.9000 0.8067 0.8451 0.8714 0.8831 0.9000 0.9000 0.9000 0.9000 0.9000 0.9000 0.9000 0.9000 0.9000 0.7500 0.6906 0.6347 0.3000 0.3000 0.6300 0.7067 0.7966 0.8789 0.8937 0.8789 0.7000 0.6750 0.6750 0.5333 0.4810 0.5000 0.6179 0.6070 0.6077 0.5154 0.4902 0.4852 0.4862 0.5800 0.3000 0.5609 0.5833
-99999.0000 -99999.0000 -99999.0000 -99999.0000 -99999.0000 -99999.0000 -99999.0000 -99999.0000 -99999.0000 -99999.0000 0.4500 0.9000 0.9000 0.8875 0.9000 0.8812 0.7581 0.7433 0.8258 0.8935 0.9000 0.9000 0.7767 0.2100 0.7000 0.8241 0.9000 0.9000 0.9000 0.9000 0.9000 0.9000 0.9000 0.9000 0.9000 0.8656 0.7311 0.6355 0.6148 0.6458 0.6455 0.7161 0.8240 0.8926 0.9000 0.8395 0.6544 0.6871 0.6655 0.5633 0.4721 0.3957 0.3444 0.4200 0.4053 0.4067 0.4826 0.4879 0.4778 0.5118 0.3000 0.4106 0.6231
-99999.0000 -99999.0000 -99999.0000 -99999.0000 -99999.0000 -99999.0000 -99999.0000 0.5400 0.8308 0.7875 0.9000 0.9000 0.9000 0.8937 0.8937 0.8800 0.7667 0.7444 0.8290 0.9000 0.9000 0.9000 0.8714 0.4957 0.3000 0.5218 0.8935 0.9000 0.9000 0.9000 0.9000 0.9000 0.9000 0.9000 0.9000 0.9000 0.7692 0.6238 0.6933 0.6719 0.7269 0.8407 0.9000 0.9000 0.8633 0.7237 0.7082 0.7222 0.6567 0.5435 0.4667 -99999.0000 0.5000 0.4116 0.3488 0.3774 0.4037 0.4733 0.4855 0.4860 0.5381 0.2615 0.6000
-99999.0000 -99999.0000 -99999.0000 -99999.0000 -99999.0000 -99999.0000 0.9000 0.8368 0.9000 0.9000 0.9000 0.9000 0.9000 0.8875 0.8781 0.8406 0.8370 0.8156 0.8687 0.9000 0.9000 0.9000 0.9000 0.8491 0.7452 0.5667 0.9000 0.9000 0.9000 0.9000 0.8843 0.9000 0.9000 0.9000 0.9000 0.9000 0.2778 0.3258 0.6375 0.7719 0.7688 0.8500 0.8870 0.8967 0.8767 0.7281 0.7095 0.7348 0.6133 0.4488 0.4867 0.4259 0.4571 0.3429 0.3750 0.4256 0.4522 0.4923 0.5000 0.4333 0.4833 0.4984 0.5787
-99999.0000 -99999.0000 -99999.0000 -99999.0000 -99999.0000 0.6429 0.8390 0.9000 0.9000 0.9000 0.9000 0.9000 0.9000 0.8581 0.8438 0.8531 0.9000 0.8875 0.8937 0.8937 0.9000 0.9000 0.9000 0.9000 0.9000 0.9000 0.9000 0.9000 -99999.0000 0.8879 0.8707 0.9000 0.9000 0.9000 0.8673 0.8842 0.8471 0.8467 0.8623 0.8968 0.9000 0.8951 0.8967 0.8719 0.8016 0.8185 0.7727 0.7889 0.5679 0.4556 0.5222 0.4902 0.4176 0.4500 0.3000 0.3400 0.4062 0.4756 0.5000 0.4000 0.5129 0.5941 0.6125
-99999.0000 -99999.0000 -99999.0000 -99999.0000 -99999.0000 0.8526 0.9000 0.9000 0.9000 0.9000 0.9000 0.9000 0.9000 0.8781 0.8906 0.9000 0.9000 0.9000 0.8875 0.8750 0.9000 0.9000 0.8964 0.8567 0.8933 0.8709 0.9000 0.9000 0.9000 0.9000 0.9000 0.9000 0.9000 0.8935 0.6611 0.5118 0.8407 0.9000 0.9000 0.9000 0.9000 0.9000 0.8875 0.8125 0.8547 0.8381 0.7429 0.8086 0.7667 0.7000 0.7000 0.6725 0.4818 0.5000 0.4579 0.2000 0.4561 0.4300 0.4862 0.5000 0.3600 0.4517 0.4750
-99999.0000 -99999.0000 -99999.0000 -99999.0000 -99999.0000 0.9000 0.9000 0.9000 0.9000 0.9000 0.9000 0.9000 0.9000 0.9000 0.9000 0.9000 0.9000 0.9000 0.9000 0.9000 0.9000 0.9000 0.8656 0.8839 0.9000 0.8937 0.8937 0.9000 0.8800 0.8937 0.8548 0.8875 0.9000 0.8937 0.8833 0.2750 0.3871 0.8937 0.9000 0.8467 0.6714 0.7652 0.7125 0.8067 0.8351 0.7619 0.7348 0.6966 0.7087 0.6810 0.7000 0.7000 0.5000 0.5000 0.3333 0.3000 0.3174 0.5000 0.4429 0.6680 0.3308 0.2600 0.2758
-99999.0000 -99999.0000 -99999.0000 -99999.0000 -99999.0000 -99999.0000 0.9000 0.9000 0.9000 0.9000 0.9000 0.9000 0.9000 0.9000 0.9000 0.9000 0.9000 0.9000 0.9000 0.9000 0.9000 0.9000 0.9000 0.8833 0.8640 0.8937 0.8937 0.8875 0.9000 0.8810 0.8911 0.8837 0.8833 0.8733 0.9000 0.8730 0.7531 0.8929 0.9000 0.8385 0.7571 0.7359 0.7581 0.8684 0.8810 0.8500 0.7691 0.6852 0.7000 0.6911 0.7000 -99999.0000 -99999.0000 -99999.0000 0.7000 0.5537 0.4429 0.5000 0.7000 0.7148 0.4037 0.3706 0.3133
-99999.0000 -99999.0000 -99999.0000 -99999.0000 -99999.0000 -99999.0000 0.9000 0.9000 -99999.0000 0.4500 0.9000 0.9000 0.9000 0.9000 0.9000 0.9000 0.9000 0.9000 0.9000 0.9000 0.9000 0.8937 0.8935 0.8967 0.8667 0.9000 0.8750 0.8875 0.8875 0.8913 0.9000 0.9000 0.9000 0.8935 0.9000 0.8931 0.9000 0.9000 0.9000 0.9000 0.8957 0.8667 0.9000 0.9000 0.9000 0.8781 0.8508 0.7655 0.8385 0.7889 0.7791 -99999.0000 -99999.0000 -99999.0000 0.7857 0.7286 0.7105 0.5875 0.5400 0.6800 0.4000 0.4440 0.3000
-99999.0000 -99999.0000 -99999.0000 -99999.0000 -99999.0000 -99999.0000 -99999.0000 -99999.0000 -99999.0000 0.0000 0.9000 0.9000 0.9000 0.9000 0.9000 0.9000 0.9000 0.9000 0.9000 0.9000 0.9000 0.9000 0.8875 0.8562 0.9000 0.9000 0.9000 0.9000 0.9000 0.9000 0.9000 0.9000 0.9000 0.9000 0.9000 0.9000 0.8935 0.8789 0.9000 0.9000 0.9000 0.9000 0.9000 0.9000 0.9000 0.9000 0.9000 0.9000 0.8429 0.8857 0.8673 0.7444 -99999.0000 0.9000 0.8529 0.8375 0.7667 0.6429 0.5750 0.6733 0.6429 0.4189 0.3863
-99999.0000 -99999.0000 -99999.0000 -99999.0000 -99999.0000 -99999.0000 -99999.0000 -99999.0000 -99999.0000 -99999.0000 -99999.0000 0.7500 0.9000 0.9000 0.9000 0.9000 0.9000 0.9000 0.9000 0.9000 0.9000 0.8864 0.7982 0.7127 0.8129 0.8710 0.8516 0.8862 0.8818 0.9000 0.9000 0.9000 0.9000 0.9000 0.9000 0.9000 0.9000 0.9000 0.9000 0.9000 0.9000 0.9000 0.9000 0.9000 0.9000 0.9000 0.9000 0.9000 0.9000 0.9000 0.8800 0.8529 0.8000 0.7000 0.7000 0.7000 0.7000 0.6833 0.6737 0.5727 0.5364 0.4755 0.3372
-99999.0000 -99999.0000 -99999.0000 -99999.0000 -99999.0000 -99999.0000 -99999.0000 -99999.0000 -99999.0000 -99999.0000 0.7839 0.8705 0.9000 0.9000 0.9000 0.9000 0.9000 0.9000 0.9000 0.8429 0.8873 0.8733 0.8429 0.7286 0.7909 0.7931 0.7426 0.7255 0.6879 0.7486 0.8934 0.9000 0.9000 0.9000 0.9000 0.9000 0.9000 0.9000 0.9000 0.9000 0.9000 0.9000 0.9000 0.9000 0.9000 0.8911 0.8927 0.9000 0.9000 0.9000 0.8935 0.7074 0.6000 0.6167 0.7000 0.7000 0.6857 0.6000 0.5308 0.5222 0.5000 0.4697 0.4655
-99999.0000 -99999.0000 -99999.0000 -99999.0000 -99999.0000 -99999.0000 -99999.0000 -99999.0000 -99999.0000 0.7364 0.8695 0.9000 0.9000 0.9000 0.9000 0.9000 0.9000 0.9000 0.9000 0.8926 0.9000 0.8750 0.9000 0.8593 0.8627 0.8742 0.7343 0.7667 0.8455 0.9000 0.9000 0.9000 0.9000 0.9000 0.9000 0.9000 0.9000 0.9000 0.9000 0.9000 0.9000 0.9000 0.9000 0.9000 0.9000 0.9000 0.9000 0.9000 0.9000 0.9000 0.8906 0.7219 0.6797 0.6818 0.7000 0.7000 0.6438 0.5429 0.4556 0.5222 0.5204 0.5093 0.5000
-99999.0000 -99999.0000 -99999.0000 -99999.0000 -99999.0000 -99999.0000 -99999.0000 -99999.0000 -99999.0000 0.9000 0.9000 0.9000 0.9000 0.9000 0.9000 0.9000 0.9000 0.9000 0.9000 0.9000 0.9000 0.8934 0.6714 0.7476 0.8879 0.8771 0.8750 0.8765 0.9000 0.9000 0.9000 0.9000 0.9000 0.9000 0.9000 0.9000 0.9000 0.9000 0.9000 0.9000 0.9000 0.9000 0.9000 0.9000 0.9000 0.9000 0.9000 0.9000 0.9000 0.9000 0.8100 0.6567 0.7061 0.7303 0.6867 0.6672 0.6571 0.5865 0.5038 0.4684 0.5200 0.5176 0.4769
-99999.0000 -99999.0000 -99999.0000 -99999.0000 -99999.0000 -99999.0000 -99999.0000 -99999.0000 -99999.0000 0.9000 0.9000 0.9000 0.9000 0.9000 0.9000 0.9000 0.9000 0.9000 0.9000 0.9000 0.9000 0.7667 0.4900 0.3471 0.9000 0.9000 0.9000 0.9000 0.9000 0.9000 0.9000 0.9000 0.9000 0.9000 0.9000 0.9000 0.9000 0.9000 0.9000 0.9000 0.9000 0.9000 0.9000 0.9000 0.9000 0.9000 0.9000 0.9000 0.8880 0.8844 0.8649 0.7829 0.7500 0.7286 0.6857 0.6333 0.6283 0.6148 0.5585 0.6125 0.6322 0.4235 0.4000
-99999.0000 -99999.0000 -99999.0000 -99999.0000 -99999.0000 -99999.0000 -99999.0000 -99999.0000 -99999.0000 -99999.0000 0.6231 0.9000 0.9000 0.9000 0.9000 0.9000 0.9000 0.9000 0.9000 0.9000 0.9000 0.8692 0.8684 0.8250 0.9000 0.9000 0.9000 0.9000 0.9000 0.9000 0.9000 0.9000 0.9000 0.9000 0.9000 0.9000 0.9000 0.9000 0.9000 0.9000 0.9000 0.9000 0.9000 0.9000 0.9000 0.9000 0.9000 0.9000 0.8097 0.7032 0.7915 0.7791 0.6885 0.6308 0.6500 0.5255 0.5772 0.6119 0.5488 0.6258 0.6766 0.0000 -99999.0000
-99999.0000 -99999.0000 -99999.0000 -99999.0000 -99999.0000 -99999.0000 -99999.0000 -99999.0000 -99999.0000 -99999.0000 0.6600 0.9000 0.9000 0.9000 0.9000 0.9000 0.8969 0.8967 0.8875 0.8931 0.8758 0.9000 0.9000 0.9000 0.9000 0.9000 0.9000 0.9000 0.9000 0.9000 0.9000 0.9000 0.9000 0.9000 0.9000 0.9000 0.9000 0.9000 0.9000 0.9000 0.9000 0.9000 0.9000 0.9000 0.9000 0.9000 0.9000 0.9000 0.8656 0.7406 0.6931 0.6160 0.5683 0.4176 0.5000 0.4259 0.5588 0.5462 0.4903 0.5586 0.4818 0.0000 0.0000
-99999.0000 -99999.0000 -99999.0000 -99999.0000 -99999.0000 -99999.0000 -99999.0000 -99999.0000 -99999.0000 -99999.0000 0.9000 0.9000 0.9000 0.9000 0.9000 0.9000 0.8968 0.8959 0.8625 0.9000 0.9000 0.9000 0.9000 0.9000 0.9000 0.9000 0.9000 0.9000 0.9000 0.9000 0.9000 0.9000 0.9000 0.9000 0.9000 0.9000 0.9000 0.9000 0.9000 0.9000 0.9000 0.9000 0.9000 0.9000 0.9000 0.9000 0.9000 0.9000 0.9000 0.8455 0.6804 0.5444 0.3200 0.1200 0.3333 0.4636 0.4864 0.4815 0.0000 0.0000 0.0000 0.0000 0.3750
-99999.0000 -99999.0000 -99999.0000 -99999.0000 -99999.0000 -99999.0000 -99999.0000 -99999.0000 -99999.0000 -99999.0000 -99999.0000 0.9000 0.9000 0.9000 0.9000 0.9000 0.9000 0.8415 0.9000 0.9000 0.9000 0.9000 0.9000 0.9000 0.9000 0.9000 0.9000 0.9000 0.9000 0.9000 0.9000 0.9000 0.9000 0.9000 0.9000 0.9000 0.9000 0.9000 0.9000 0.9000 0.9000 0.9000 0.9000 0.9000 0.9000 0.9000 0.9000 0.9000 0.9000 0.8932 0.8238 0.4878 0.2435 0.4000 0.3000 0.3800 0.4789 0.5135 0.2526 0.1000 0.1960 0.5208 0.5885
-99999.0000 -99999.0000 -99999.0000 -99999.0000 -99999.0000 -99999.0000 -99999.0000 -99999.0000 -99999.0000 -99999.0000 -99999.0000 -99999.0000 0.9000 0.9000 0.9000 0.9000 0.9000 0.8805 0.9000 0.9000 0.9000 0.9000 0.9000 0.9000 0.9000 0.9000 0.9000 0.9000 0.9000 0.9000 0.9000 0.9000 0.9000 0.9000 0.9000 0.9000 0.9000 0.9000 0.9000 0.9000 0.9000 0.9000 0.9000 0.9000 0.9000 0.9000 0.9000 0.9000 0.9000 0.9000 0.8918 0.7216 0.7452 0.5364 0.6059 0.6550 0.4429 0.4263 0.5333 0.6830 0.7000 0.6905 0.6935
-99999.0000 -99999.0000 -99999.0000 -99999.0000 -99999.0000 -99999.0000 -99999.0000 -99999.0000 -99999.0000 -99999.0000 -99999.0000 -99999.0000 0.9000 0.9000 0.9000 0.9000 0.9000 0.9000 -99999.0000 0.9000 0.9000 0.9000 0.9000 0.8719 0.9000 0.9000 0.9000 0.9000 0.9000 0.9000 0.9000 0.9000 0.9000 0.9000 0.9000 0.9000 0.9000 0.9000 0.9000 0.9000 0.9000 0.9000 0.9000 0.9000 0.9000 0.8962 0.8968 0.9000 0.9000 0.9000 0.8917 0.8837 0.8156 0.5984 0.5607 0.7393 0.5745 0.3593 0.3516 0.6849 0.7000 0.7000 0.7000
-99999.0000 -99999.0000 -99999.0000 -99999.0000 -99999.0000 -99999.0000 -99999.0000 -99999.0000 -99999.0000 -99999.0000 -99999.0000 -99999.0000 0.9000 0.9000 0.9000 0.9000 0.9000 0.9000 -99999.0000 0.9000 0.8294 0.9000 0.8633 0.6750 0.9000 0.9000 0.9000 0.9000 0.9000 0.9000 0.9000 0.9000 0.9000 0.9000 0.9000 0.9000 0.9000 0.9000 0.9000 0.9000 0.9000 0.9000 0.9000 0.9000 0.9000 0.8969 0.8968 0.9000 0.9000 0.9000 0.9000 0.9000 0.7750 0.8687 0.9000 0.9000 0.7937 0.5800 0.6810 0.6930 0.7000 0.7000 0.7131
-99999.0000 -99999.0000 -99999.0000 -99999.0000 -99999.0000 -99999.0000 -99999.0000 -99999.0000 -99999.0000 -99999.0000 -99999.0000 -99999.0000 -99999.0000 0.9000 0.9000 -99999.0000 -99999.0000 -99999.0000 0.9000 0.9000 0.9000 0.9000 0.8571 -99999.0000 -99999.0000 0.7615 0.8714 0.9000 0.9000 0.9000 0.9000 0.9000 0.9000 0.9000 0.7690 0.8333 0.9000 0.9000 0.9000 0.9000 0.9000 0.9000 0.9000 0.9000 0.9000 0.9000 0.9000 0.9000 0.8907 0.8937 0.9000 0.9000 0.9000 0.9000 0.8913 0.8925 0.8500 0.6906 0.7218 0.8574 0.7375 0.7219 0.7600
-99999.0000 -99999.0000 -99999.0000 -99999.0000 -99999.0000 -99999.0000 -99999.0000 -99999.0000 -99999.0000 -99999.0000 -99999.0000 -99999.0000 -99999.0000 -99999.0000 -99999.0000 -99999.0000 -99999.0000 -99999.0000 0.9000 0.9000 0.9000 0.9000 0.9000 -99999.0000 -99999.0000 -99999.0000 0.9000 0.9000 0.9000 0.9000 0.9000 0.9000 0.9000 0.8862 0.6581 0.8556 0.9000 0.9000 0.9000 0.9000 0.9000 0.9000 0.9000 0.9000 0.9000 0.9000 0.9000 0.9000 0.9000 0.9000 0.8969 0.8969 0.9000 0.9000 0.9000 0.9000 0.8906 0.8844 0.8812 0.9000 0.9000 0.8844 0.8000
-99999.0000 -99999.0000 -99999.0000 -99999.0000 -99999.0000 -99999.0000 -99999.0000 -99999.0000 -99999.0000 -99999.0000 -99999.0000 -99999.0000 -99999.0000 -99999.0000 -99999.0000 -99999.0000 -99999.0000 -99999.0000 0.7286 0.9000 0.6231 -99999.0000 -99999.0000 -99999.0000 -99999.0000 -99999.0000 -99999.0000 -99999.0000 -99999.0000 -99999.0000 0.9000 0.9000 0.9000 0.9000 0.9000 0.9000 0.9000 0.9000 0.9000 0.9000 0.9000 0.9000 0.9000 0.9000 0.9000 0.9000 0.9000 0.9000 0.9000 0.8969 0.8625 0.8656 0.8929 0.9000 0.9000 0.9000 0.9000 0.9000 0.8932 0.9000 0.8509 0.8125 0.8548
-99999.0000 -99999.0000 -99999.0000 -99999.0000 -99999.0000 -99999.0000 -99999.0000 -99999.0000 -99999.0000 -99999.0000 -99999.0000 -99999.0000 -99999.0000 -99999.0000 -99999.0000 -99999.0000 -99999.0000 -99999.0000 -99999.0000 -99999.0000 -99999.0000 -99999.0000 -99999.0000 -99999.0000 -99999.0000 -99999.0000 -99999.0000 -99999.0000 -99999.0000 -99999.0000 -99999.0000 -99999.0000 0.9000 0.9000 0.9000 0.9000 0.9000 0.9000 0.9000 0.9000 0.9000 0.9000 0.9000 0.9000 0.9000 0.9000 0.9000 0.9000 0.9000 0.8821 0.8436 0.7754 0.7437 0.7156 0.8700 0.9000 0.9000 0.9000 0.8770 0.6414 0.6163 0.5867 0.6531
-99999.0000 -99999.0000 -99999.0000 -99999.0000 -99999.0000 -99999.0000 -99999.0000 -99999.0000 -99999.0000 -99999.0000 -99999.0000 -99999.0000 -99999.0000 -99999.0000 -99999.0000 -99999.0000 -99999.0000 -99999.0000 -99999.0000 -99999.0000 -99999.0000 -99999.0000 -99999.0000 -99999.0000 -99999.0000 -99999.0000 -99999.0000 -99999.0000 -99999.0000 -99999.0000 -99999.0000 -99999.0000 0.9000 0.9000 0.9000 0.9000 0.9000 0.9000 0.9000 0.9000 0.9000 0.9000 0.9000 0.9000 0.9000 0.9000 0.9000 0.8875 0.8937 0.8839 0.7984 0.7233 0.5122 0.6655 0.8625 0.8419 0.8469 0.9000 0.8625 0.6312 0.6531 0.6520 0.6968
