data01/Road.asc
NCOLS 73
NROWS 78
XLLCORNER 114.8409628900
YLLCORNER 27.1302345400
CELLSIZE 0.100000
NODATA_VALUE -99999.0000
[rows 28 to 55 of 78, columns 0 to 62 of 73]
-99999.0000 -99999.0000 -99999.0000 -99999.0000 -99999.0000 -99999.0000 -99999.0000 -99999.0000 -99999.0000 -99999.0000 0.4200 0.5625 0.8312 0.8333 0.7226 0.7844 0.4062 0.6469 0.7625 0.7700 0.2500 0.5281 0.8667 0.7781 0.7222 0.6891 0.8288 0.7964 0.7125 0.8094 0.8037 0.8414 0.8312 0.8613 0.8750 0.8846 0.8643 0.8907 0.7545 0.7000 0.8429 0.8500 0.8385 0.8692 0.8586 0.8639 0.8831 0.8462 0.8438 0.8875 0.8935 0.8680 0.8831 0.8841 0.8855 0.8925 0.9000 0.8886 0.8871 0.8909 0.8946 0.8862 0.8857
-99999.0000 -99999.0000 -99999.0000 -99999.0000 -99999.0000 -99999.0000 -99999.0000 -99999.0000 -99999.0000 -99999.0000 0.3125 0.4656 0.7906 0.8484 0.6719 0.7219 0.6656 0.8812 0.7156 0.8156 0.6625 0.8312 0.8900 0.8569 0.9000 0.8153 0.8849 0.8344 0.8312 0.8903 0.8207 0.8250 0.8258 0.7982 0.8672 0.8867 0.8812 0.9000 0.9000 0.9000 0.9000 0.8667 0.8586 0.9000 0.9000 0.8965 0.8959 0.9000 0.8812 0.9000 0.8810 0.8852 0.8744 0.8767 0.8692 0.9000 0.9000 0.9000 0.9000 0.9000 0.9000 0.8826 0.9000
-99999.0000 -99999.0000 -99999.0000 -99999.0000 -99999.0000 -99999.0000 -99999.0000 -99999.0000 -99999.0000 -99999.0000 0.7500 0.8276 0.7594 0.8531 0.8562 0.7406 0.7613 0.8733 0.8677 0.8258 0.8581 0.8742 0.9000 0.8600 0.9000 0.7690 0.8750 0.8594 0.8281 0.8724 0.8531 0.8094 0.6969 0.8180 0.8333 0.8438 0.8733 0.8742 0.8869 0.9000 0.8782 0.8677 0.8680 0.8926 0.8937 0.8907 0.8649 0.8935 0.8931 0.9000 0.9000 0.9000 0.9000 0.9000 0.9000 0.9000 0.9000 0.9000 0.9000 0.9000 0.7000 0.8915 0.9000
-99999.0000 -99999.0000 -99999.0000 -99999.0000 -99999.0000 -99999.0000 -99999.0000 0.8200 0.8538 0.6125 0.7286 0.8467 0.8100 0.7219 0.8438 0.9000 0.8556 0.7944 0.8097 0.7367 0.8406 0.7875 0.8079 0.8391 0.8474 0.7982 0.8645 0.8219 0.8172 0.8345 0.7969 0.7433 0.7533 0.8533 0.8651 0.8769 0.9000 0.8270 0.8333 0.8625 0.8731 0.9000 0.8733 0.8733 0.8933 0.8797 0.9000 0.9000 0.8933 0.8913 0.9000 -99999.0000 0.9000 0.9000 0.9000 0.9000 0.9000 0.9000 0.9000 0.8789 0.8810 0.9000 0.9000
-99999.0000 -99999.0000 -99999.0000 -99999.0000 -99999.0000 -99999.0000 0.1000 0.3281 0.7812 0.8825 0.8137 0.7903 0.3656 0.4844 0.8125 0.8375 0.8333 0.7625 0.8125 0.7844 0.7781 0.5344 0.7885 0.8564 0.8677 0.9000 0.7632 0.7842 0.8550 0.8414 0.7980 0.7937 0.8643 0.8067 0.8934 0.8385 0.9000 0.8258 0.8375 0.8125 0.8531 0.8786 0.9000 0.9000 0.8933 0.8789 0.9000 0.9000 0.9000 0.9000 0.9000 0.9000 0.9000 0.9000 0.9000 0.8814 0.9000 0.9000 0.9000 0.9000 0.9000 0.9000 0.8915
-99999.0000 -99999.0000 -99999.0000 -99999.0000 -99999.0000 0.1000 0.1034 0.4563 0.8429 0.8591 0.8254 0.8373 0.5341 0.7871 0.6844 0.8687 0.7531 0.8625 0.8219 0.7719 0.7437 0.8296 0.6677 0.8687 0.8362 0.9000 0.8810 0.9000 -99999.0000 0.8758 0.8707 0.8800 0.8710 0.8277 0.8673 0.7684 0.8882 0.8900 0.8585 0.8226 0.8214 0.8707 0.8467 0.9000 0.8541 0.8704 0.8636 0.9000 0.9000 0.9000 0.9000 0.9000 0.9000 0.9000 0.9000 0.9000 0.9000 0.9000 0.9000 0.9000 0.9000 0.9000 0.9000
-99999.0000 -99999.0000 -99999.0000 -99999.0000 -99999.0000 0.1000 0.2000 0.7375 0.8186 0.8709 0.7437 0.8585 0.5000 0.5250 0.4969 0.8687 0.8133 0.7900 0.5625 0.7625 0.7836 0.8362 0.7857 0.8767 0.8433 0.8636 0.9000 0.9000 0.8579 0.7921 0.8500 0.7862 0.8661 0.8129 0.8611 0.7824 0.8519 0.8531 0.7400 0.7923 0.7000 0.8500 0.8219 0.8625 0.8849 0.9000 0.8571 0.8657 0.8889 0.9000 0.9000 0.8686 0.9000 0.9000 0.8789 0.8000 0.9000 0.9000 0.9000 0.9000 0.9000 0.9000 0.9000
-99999.0000 -99999.0000 -99999.0000 -99999.0000 -99999.0000 0.2143 0.5984 0.8031 0.4226 0.5000 0.8031 0.6344 0.6187 0.8531 0.8231 0.8323 0.8187 0.8312 0.6645 0.7469 0.8556 0.8143 0.8344 0.8226 0.8406 0.7781 0.8683 0.8390 0.8300 0.8094 0.8871 0.7625 0.6770 0.6968 0.8500 0.8250 0.8097 0.5813 0.6382 0.7800 0.9000 0.8870 0.8031 0.8556 0.9000 0.9000 0.8522 0.8932 0.8957 0.9000 0.8837 0.9000 0.9000 0.9000 0.9000 0.9000 0.9000 0.9000 0.9000 0.9000 0.9000 0.9000 0.8636
-99999.0000 -99999.0000 -99999.0000 -99999.0000 -99999.0000 -99999.0000 0.8368 0.8018 0.5545 0.3333 0.8255 0.8125 0.7889 0.7943 0.6689 0.7885 0.4969 0.7719 0.7560 0.6500 0.8065 0.7688 0.7125 0.8567 0.8680 0.8094 0.6156 0.8250 0.8094 0.8556 0.8511 0.8429 0.7625 0.8333 0.8615 0.8892 0.8594 0.7821 0.8294 0.8538 0.9000 0.8949 0.8516 0.8754 0.8238 0.8577 0.8927 0.8926 0.8841 0.8778 0.8680 -99999.0000 -99999.0000 -99999.0000 0.9000 0.9000 0.8619 0.9000 0.9000 0.9000 0.9000 0.9000 0.8867
-99999.0000 -99999.0000 -99999.0000 -99999.0000 -99999.0000 -99999.0000 0.7667 0.5480 -99999.0000 0.6000 0.8440 0.8250 0.4254 0.2333 0.6836 0.5982 0.6219 0.7969 0.7188 0.8062 0.5129 0.7437 0.8161 0.8533 0.8370 0.8318 0.8031 0.8562 0.8250 0.8696 0.8560 0.8818 0.8739 0.8871 0.7952 0.8621 0.8258 0.8409 0.8452 0.8828 0.8915 0.8533 0.6309 0.8370 0.5207 0.8375 0.8836 0.8600 0.8654 0.8492 0.8302 -99999.0000 -99999.0000 -99999.0000 0.8429 0.9000 0.9000 0.9000 0.9000 0.8800 0.8750 0.9000 0.9000
-99999.0000 -99999.0000 -99999.0000 -99999.0000 -99999.0000 -99999.0000 -99999.0000 -99999.0000 -99999.0000 0.5000 0.8158 0.5475 0.1688 0.2406 0.8094 0.7531 0.7969 0.5063 0.7312 0.5063 0.5533 0.8733 0.8375 0.8750 0.8594 0.8581 0.7875 0.8810 0.8407 0.9000 0.8304 0.8920 0.7828 0.8929 0.8088 0.8095 0.8258 0.8860 0.8593 0.8254 0.5273 0.4250 0.5197 0.7286 0.6531 0.8548 0.8839 0.8774 0.8714 0.8107 0.8891 0.9000 -99999.0000 0.9000 0.8765 0.9000 0.9000 0.9000 0.9000 0.9000 0.9000 0.8784 0.8922
-99999.0000 -99999.0000 -99999.0000 -99999.0000 -99999.0000 -99999.0000 -99999.0000 -99999.0000 -99999.0000 -99999.0000 -99999.0000 0.1333 0.1933 0.5063 0.8433 0.8667 0.5375 0.1500 0.2188 0.1912 0.7643 0.7610 0.7073 0.8016 0.7774 0.8323 0.6839 0.6138 0.8273 0.9000 0.7222 0.8844 0.8759 0.8500 0.8071 0.8770 0.8710 0.8619 0.8887 0.8849 0.8312 0.8107 0.8387 0.8500 0.8281 0.8250 0.8469 0.7754 0.6736 0.8062 0.9000 0.9000 0.9000 0.9000 0.7667 0.9000 0.9000 0.9000 0.8632 0.8682 0.8727 0.9000 0.8907
-99999.0000 -99999.0000 -99999.0000 -99999.0000 -99999.0000 -99999.0000 -99999.0000 -99999.0000 -99999.0000 -99999.0000 0.7065 0.6705 0.7562 0.8621 0.8852 0.7037 0.2031 0.2844 0.5469 0.4302 0.8333 0.5800 0.3571 0.8821 0.7909 0.7586 0.8672 0.8018 0.8697 0.9000 0.8639 0.8125 0.7344 0.7906 0.8149 0.8263 0.7594 0.7906 0.8016 0.8200 0.8387 0.5531 0.3250 0.4857 0.8219 0.8867 0.8345 0.8116 0.8879 0.7781 0.8323 0.7519 0.9000 0.9000 0.8833 0.8565 0.8857 0.9000 0.8949 0.8667 0.9000 0.9000 0.8862
-99999.0000 -99999.0000 -99999.0000 -99999.0000 -99999.0000 -99999.0000 -99999.0000 -99999.0000 -99999.0000 0.3000 0.6627 0.6750 0.5281 0.5906 0.7344 0.8065 0.4875 0.6500 0.7688 0.8222 0.8542 0.5562 0.5800 0.8778 0.8559 0.8290 0.8600 0.8156 0.8515 0.8692 0.8356 0.7969 0.8062 0.7594 0.8467 0.8467 0.6935 0.8031 0.7844 0.6625 0.8719 0.8062 0.3875 0.5969 0.7625 0.5852 0.4797 0.6267 0.8645 0.8125 0.6844 0.7844 0.9000 0.8818 0.8627 0.8233 0.8687 0.9000 0.9000 0.8852 0.9000 0.8814 0.9000
-99999.0000 -99999.0000 -99999.0000 -99999.0000 -99999.0000 -99999.0000 -99999.0000 -99999.0000 -99999.0000 0.1158 0.1344 0.1469 0.1094 0.1094 0.3875 0.7867 0.8467 0.8174 0.8062 0.7780 0.8322 0.7984 0.7653 0.8238 0.8697 0.8486 0.8750 0.8490 0.8452 0.7500 0.8375 0.7063 0.6833 0.8625 0.8531 0.8731 0.7742 0.5219 0.3781 0.2906 0.7333 0.8828 0.7875 0.7250 0.7433 0.2719 0.4767 0.7594 0.8640 0.5844 0.3867 0.7700 0.9000 0.9000 0.8067 0.8607 0.9000 0.9000 0.9000 0.9000 0.9000 0.9000 0.9000
-99999.0000 -99999.0000 -99999.0000 -99999.0000 -99999.0000 -99999.0000 -99999.0000 -99999.0000 -99999.0000 0.1444 0.5553 0.6219 0.1963 0.1037 0.2258 0.5906 0.8594 0.8310 0.8187 0.7812 0.8226 0.8949 0.8900 0.8059 0.8922 0.8592 0.8655 0.6469 0.5938 0.8344 0.8860 0.6806 0.7233 0.8937 0.6031 0.6406 0.7312 0.2313 0.1000 0.2438 0.7154 0.8609 0.7469 0.4250 0.6781 0.7755 0.8469 0.8219 0.8840 0.7844 0.8754 0.8707 0.8538 0.8714 0.8714 0.8833 0.9000 0.8926 0.9000 0.9000 0.9000 0.9000 0.9000
-99999.0000 -99999.0000 -99999.0000 -99999.0000 -99999.0000 -99999.0000 -99999.0000 -99999.0000 -99999.0000 -99999.0000 0.5769 0.4969 0.1571 0.3444 0.7522 0.8875 0.7906 0.7933 0.8312 0.8032 0.8535 0.8692 0.9000 0.8250 0.8679 0.8119 0.6333 0.7050 0.4125 0.8053 0.8033 0.6781 0.7812 0.7643 0.7875 0.6375 0.8156 0.2781 0.1156 0.4600 0.8862 0.6438 0.6750 0.7857 0.7900 0.7000 0.6289 0.7906 0.8323 0.8452 0.7610 0.8535 0.8692 0.8692 0.8636 0.9000 0.9000 0.8932 0.9000 0.8742 0.9000 0.9000 -99999.0000
-99999.0000 -99999.0000 -99999.0000 -99999.0000 -99999.0000 -99999.0000 -99999.0000 -99999.0000 -99999.0000 -99999.0000 0.8267 0.7267 0.4406 0.7375 0.8321 0.8000 0.7469 0.8800 0.7344 0.8207 0.8030 0.8733 0.9000 0.8391 0.7194 0.8094 0.6447 0.5000 0.8000 0.8000 0.8484 0.6611 0.8478 0.6379 0.7125 0.7937 0.7812 0.3000 0.3469 0.7875 0.5688 0.2188 0.1656 0.4531 0.7875 0.5205 0.5367 0.6875 0.5750 0.8000 0.8828 0.8880 0.8707 0.8765 0.9000 0.8852 0.8176 0.8692 0.9000 0.8793 0.8515 0.9000 0.5667
-99999.0000 -99999.0000 -99999.0000 -99999.0000 -99999.0000 -99999.0000 -99999.0000 -99999.0000 -99999.0000 -99999.0000 0.7000 0.7410 0.8500 0.8594 0.7475 0.7945 0.8302 0.8755 0.8812 0.7529 0.8879 0.9000 0.8057 0.5290 0.7125 0.8238 0.7476 0.7491 0.7714 0.8082 0.7258 0.6133 0.7423 0.8714 0.7406 0.8219 0.7969 0.5312 0.6548 0.6935 0.1969 0.2556 0.6258 0.3500 0.6844 0.7794 0.8333 0.8500 0.8309 0.8709 0.8725 0.8956 0.8200 0.8600 0.9000 0.8636 0.8797 0.7963 0.9000 0.8429 0.5000 0.6091 0.9000
-99999.0000 -99999.0000 -99999.0000 -99999.0000 -99999.0000 -99999.0000 -99999.0000 -99999.0000 -99999.0000 -99999.0000 -99999.0000 0.9000 0.8347 0.8710 0.8965 0.7286 0.6429 0.7634 0.8750 0.7073 0.7621 0.8478 0.8031 0.7937 0.8281 0.7921 0.8778 0.8562 0.8067 0.8406 0.4000 0.1281 0.5781 0.7875 0.8500 0.7188 0.7844 0.6931 0.8097 0.6418 0.1596 0.5031 0.8406 0.7937 0.7937 0.8625 0.7867 0.8379 0.7735 0.7983 0.6175 0.7694 0.8652 0.9000 0.9000 0.8600 0.8789 0.8846 0.8579 0.7571 0.6760 0.7604 0.8923
-99999.0000 -99999.0000 -99999.0000 -99999.0000 -99999.0000 -99999.0000 -99999.0000 -99999.0000 -99999.0000 -99999.0000 -99999.0000 -99999.0000 0.9000 0.8286 0.8182 0.8448 0.5125 0.7341 0.9000 0.8882 0.8500 0.8333 0.4194 0.4031 0.7031 0.7836 0.6952 0.8115 0.5906 0.8812 0.7000 0.3406 0.4938 0.8333 0.5844 0.2875 0.7677 0.8583 0.8000 0.7578 0.8000 0.7762 0.4437 0.5437 0.5852 0.8129 0.5344 0.8187 0.8406 0.8562 0.8551 0.8568 0.8677 0.8955 0.8353 0.8450 0.9000 0.8895 0.8792 0.9000 0.8647 0.8762 0.8935
-99999.0000 -99999.0000 -99999.0000 -99999.0000 -99999.0000 -99999.0000 -99999.0000 -99999.0000 -99999.0000 -99999.0000 -99999.0000 -99999.0000 0.8600 0.7667 0.9000 0.6625 0.3421 0.2000 -99999.0000 0.7909 0.7383 0.8700 0.5344 0.2000 0.5094 0.3787 0.7929 0.5590 0.2969 0.6562 0.8129 0.7531 0.8133 0.8710 0.7000 0.3125 0.7871 0.8156 0.7937 0.6562 0.4746 0.2683 0.1094 0.2188 0.6031 0.8462 0.6710 0.7700 0.8719 0.8048 0.9000 0.8429 0.6594 0.8778 0.8536 0.6475 0.8843 0.8926 0.8677 0.7981 0.8608 0.8254 0.8100
-99999.0000 -99999.0000 -99999.0000 -99999.0000 -99999.0000 -99999.0000 -99999.0000 -99999.0000 -99999.0000 -99999.0000 -99999.0000 -99999.0000 0.7000 0.4360 0.5308 0.8800 0.5600 0.1000 -99999.0000 0.7000 0.8294 0.8167 0.8265 0.4000 0.8120 0.7949 0.8594 0.7406 0.7767 0.7344 0.8156 0.7484 0.7812 0.8129 0.8368 0.7393 0.8781 0.7700 0.3969 0.1313 0.1000 0.1031 0.2719 0.4719 0.8281 0.7844 0.6161 0.8312 0.7567 0.8277 0.8443 0.8031 0.8594 0.8750 0.8571 0.8600 0.8250 0.8100 0.6778 0.8193 0.8219 0.7305 0.8049
-99999.0000 -99999.0000 -99999.0000 -99999.0000 -99999.0000 -99999.0000 -99999.0000 -99999.0000 -99999.0000 -99999.0000 -99999.0000 -99999.0000 -99999.0000 0.1000 0.1444 -99999.0000 -99999.0000 -99999.0000 0.1462 0.6021 0.7281 0.5625 0.8143 -99999.0000 -99999.0000 0.4692 0.4365 0.3906 0.4375 0.7281 0.8125 0.8103 0.8800 0.8833 0.8310 0.8633 0.5688 0.2062 0.1885 0.4382 0.2656 0.1969 0.5868 0.8541 0.5813 0.4781 0.7095 0.8433 0.8767 0.6125 0.4938 0.6469 0.8062 0.8556 0.8391 0.8509 0.6750 0.7188 0.7800 0.7951 0.7437 0.3406 0.7900
-99999.0000 -99999.0000 -99999.0000 -99999.0000 -99999.0000 -99999.0000 -99999.0000 -99999.0000 -99999.0000 -99999.0000 -99999.0000 -99999.0000 -99999.0000 -99999.0000 -99999.0000 -99999.0000 -99999.0000 -99999.0000 0.2600 0.7531 0.5066 0.2167 0.3909 -99999.0000 -99999.0000 -99999.0000 0.1000 0.1000 0.5429 0.8154 0.5136 0.7875 0.6469 0.8759 0.8581 0.6714 0.2219 0.1031 0.3361 0.8429 0.8042 0.7348 0.7800 0.6356 0.6161 0.6548 0.8365 0.8643 0.8153 0.3844 0.2719 0.6250 0.8107 0.8486 0.8469 0.5188 0.3125 0.6438 0.6781 0.7300 0.6281 0.2750 0.5781
-99999.0000 -99999.0000 -99999.0000 -99999.0000 -99999.0000 -99999.0000 -99999.0000 -99999.0000 -99999.0000 -99999.0000 -99999.0000 -99999.0000 -99999.0000 -99999.0000 -99999.0000 -99999.0000 -99999.0000 -99999.0000 0.4333 0.8529 0.6077 -99999.0000 -99999.0000 -99999.0000 -99999.0000 -99999.0000 -99999.0000 -99999.0000 -99999.0000 -99999.0000 0.7667 0.7400 0.7211 0.8844 0.7906 0.2469 0.1187 0.3313 0.6969 0.8346 0.8455 0.7000 0.8556 0.8091 0.8651 0.8390 0.8429 0.7417 0.7567 0.7969 0.5906 0.2875 0.7464 0.7250 0.7323 0.6926 0.2125 0.4906 0.8322 0.8611 0.8321 0.8031 0.7484
-99999.0000 -99999.0000 -99999.0000 -99999.0000 -99999.0000 -99999.0000 -99999.0000 -99999.0000 -99999.0000 -99999.0000 -99999.0000 -99999.0000 -99999.0000 -99999.0000 -99999.0000 -99999.0000 -99999.0000 -99999.0000 -99999.0000 -99999.0000 -99999.0000 -99999.0000 -99999.0000 -99999.0000 -99999.0000 -99999.0000 -99999.0000 -99999.0000 -99999.0000 -99999.0000 -99999.0000 -99999.0000 0.8600 0.8387 0.8258 0.3562 0.4437 0.8143 0.8167 0.5500 0.3143 0.6958 0.7857 0.7683 0.8362 0.6937 0.8323 0.6406 0.6219 0.7036 0.7256 0.7426 0.8594 0.4906 0.5967 0.7286 0.5094 0.7387 0.8115 0.8621 0.8581 0.8867 0.8469
-99999.0000 -99999.0000 -99999.0000 -99999.0000 -99999.0000 -99999.0000 -99999.0000 -99999.0000 -99999.0000 -99999.0000 -99999.0000 -99999.0000 -99999.0000 -99999.0000 -99999.0000 -99999.0000 -99999.0000 -99999.0000 -99999.0000 -99999.0000 -99999.0000 -99999.0000 -99999.0000 -99999.0000 -99999.0000 -99999.0000 -99999.0000 -99999.0000 -99999.0000 -99999.0000 -99999.0000 -99999.0000 0.9000 0.5400 0.8179 0.8290 0.7833 0.5762 0.5875 0.5772 0.2063 0.4500 0.6355 0.8286 0.7500 0.4812 0.8062 0.6594 0.7688 0.8323 0.7000 0.8033 0.9000 0.6862 0.7562 0.8710 0.8219 0.6233 0.5094 0.8062 0.8687 0.7440 0.7452
