data01/Road.asc
NCOLS 73
NROWS 78
XLLCORNER 114.8409628900
YLLCORNER 27.1302345400
CELLSIZE 0.100000
NODATA_VALUE -99999.0000
[rows 0 to 27 of 78, columns 0 to 62 of 73]
-99999.0000 -99999.0000 -99999.0000 -99999.0000 -99999.0000 -99999.0000 -99999.0000 -99999.0000 -99999.0000 -99999.0000 -99999.0000 -99999.0000 -99999.0000 -99999.0000 -99999.0000 0.9000 0.8619 0.8797 0.7984 0.8409 0.8800 0.9000 -99999.0000 -99999.0000 -99999.0000 -99999.0000 -99999.0000 -99999.0000 -99999.0000 -99999.0000 -99999.0000 -99999.0000 -99999.0000 -99999.0000 -99999.0000 -99999.0000 -99999.0000 -99999.0000 -99999.0000 0.8636 0.8864 0.8614 0.8811 0.8529 -99999.0000 -99999.0000 -99999.0000 -99999.0000 -99999.0000 -99999.0000 -99999.0000 -99999.0000 -99999.0000 -99999.0000 -99999.0000 -99999.0000 -99999.0000 -99999.0000 -99999.0000 -99999.0000 -99999.0000 -99999.0000 -99999.0000
-99999.0000 -99999.0000 -99999.0000 -99999.0000 -99999.0000 -99999.0000 -99999.0000 -99999.0000 -99999.0000 -99999.0000 -99999.0000 -99999.0000 -99999.0000 -99999.0000 -99999.0000 0.8143 0.8438 0.9000 0.7567 0.7156 0.8814 0.7250 0.3000 -99999.0000 -99999.0000 -99999.0000 -99999.0000 -99999.0000 -99999.0000 -99999.0000 -99999.0000 -99999.0000 -99999.0000 -99999.0000 -99999.0000 -99999.0000 -99999.0000 -99999.0000 0.4500 0.6412 0.8698 0.8656 0.8804 0.7300 0.7700 0.9000 -99999.0000 -99999.0000 -99999.0000 -99999.0000 -99999.0000 -99999.0000 -99999.0000 -99999.0000 -99999.0000 -99999.0000 -99999.0000 -99999.0000 -99999.0000 -99999.0000 -99999.0000 -99999.0000 -99999.0000
-99999.0000 -99999.0000 -99999.0000 -99999.0000 -99999.0000 -99999.0000 -99999.0000 -99999.0000 -99999.0000 -99999.0000 -99999.0000 -99999.0000 -99999.0000 -99999.0000 -99999.0000 0.7864 0.8656 0.8842 0.8821 0.8937 0.8418 0.6695 0.4667 -99999.0000 -99999.0000 -99999.0000 -99999.0000 -99999.0000 -99999.0000 0.9000 0.7667 0.8429 0.8077 -99999.0000 -99999.0000 -99999.0000 0.5074 0.7920 0.8529 0.8544 0.8452 0.8094 0.8897 0.8486 0.8760 0.9000 0.6667 0.0000 -99999.0000 -99999.0000 -99999.0000 -99999.0000 -99999.0000 -99999.0000 -99999.0000 -99999.0000 -99999.0000 -99999.0000 -99999.0000 -99999.0000 -99999.0000 -99999.0000 -99999.0000
-99999.0000 -99999.0000 -99999.0000 -99999.0000 -99999.0000 -99999.0000 -99999.0000 -99999.0000 -99999.0000 -99999.0000 -99999.0000 -99999.0000 -99999.0000 0.7889 0.7619 0.7127 0.8600 0.8187 0.6750 0.8469 0.8500 0.8000 0.8000 0.7000 0.9000 0.9000 -99999.0000 -99999.0000 0.9000 0.6744 0.8051 0.8719 0.8512 0.9000 -99999.0000 0.8200 0.8458 0.8649 0.8154 0.8647 0.7800 0.8333 0.8960 0.8680 0.8707 0.8484 0.8075 0.5885 -99999.0000 -99999.0000 -99999.0000 -99999.0000 -99999.0000 -99999.0000 -99999.0000 -99999.0000 -99999.0000 -99999.0000 -99999.0000 -99999.0000 -99999.0000 -99999.0000 -99999.0000
-99999.0000 -99999.0000 -99999.0000 -99999.0000 -99999.0000 -99999.0000 -99999.0000 -99999.0000 -99999.0000 -99999.0000 -99999.0000 -99999.0000 -99999.0000 0.7318 0.7459 0.8927 0.8406 0.8531 0.8656 0.8500 0.8844 0.8968 0.8246 0.7833 0.8600 0.8400 0.7593 0.8000 0.8525 0.8600 0.7875 0.8805 0.6593 0.5833 -99999.0000 0.5778 0.5094 0.8094 0.8679 0.8302 0.8538 0.8613 0.8312 0.8875 0.8062 0.7095 0.8782 0.8486 0.8200 0.8600 0.9000 -99999.0000 -99999.0000 -99999.0000 -99999.0000 -99999.0000 -99999.0000 -99999.0000 -99999.0000 -99999.0000 -99999.0000 -99999.0000 -99999.0000
-99999.0000 -99999.0000 -99999.0000 -99999.0000 -99999.0000 -99999.0000 -99999.0000 -99999.0000 -99999.0000 -99999.0000 -99999.0000 -99999.0000 -99999.0000 0.8529 0.8421 0.8689 0.8781 0.8187 0.8885 0.8844 0.8344 0.8250 0.9000 0.8725 0.8855 0.8525 0.7981 0.8594 0.7156 0.7700 0.7491 0.8727 0.6873 0.8306 0.8484 0.8842 0.8133 0.8742 0.8435 0.8333 0.6774 0.7688 0.8562 0.8397 0.8672 0.8600 0.8687 0.8500 0.8356 0.8812 0.7200 0.5000 0.7000 -99999.0000 -99999.0000 -99999.0000 -99999.0000 -99999.0000 -99999.0000 -99999.0000 -99999.0000 -99999.0000 -99999.0000
-99999.0000 -99999.0000 -99999.0000 -99999.0000 -99999.0000 -99999.0000 -99999.0000 -99999.0000 -99999.0000 -99999.0000 -99999.0000 -99999.0000 -99999.0000 -99999.0000 0.7000 0.8533 0.8786 0.7644 0.7094 0.8250 0.8172 0.8742 0.9000 0.9000 0.8949 0.8930 0.8492 0.8933 0.8903 0.8577 0.8695 0.9000 0.8778 0.8488 0.8333 0.8770 0.7125 0.7897 0.7694 0.8042 0.8349 0.7581 0.7906 0.8725 0.7140 0.7516 0.8687 0.8423 0.8600 0.8556 0.5562 0.6965 0.8273 0.7933 0.8800 -99999.0000 -99999.0000 -99999.0000 -99999.0000 -99999.0000 -99999.0000 -99999.0000 -99999.0000
-99999.0000 -99999.0000 -99999.0000 -99999.0000 -99999.0000 -99999.0000 -99999.0000 -99999.0000 -99999.0000 -99999.0000 -99999.0000 -99999.0000 -99999.0000 -99999.0000 -99999.0000 -99999.0000 0.7400 0.8410 0.6875 0.8094 0.7885 0.8739 0.8745 0.8789 0.8923 0.9000 0.7737 0.8288 0.8187 0.7344 0.7656 0.8208 0.7400 0.7000 0.8509 0.8781 0.5125 0.4100 0.8423 0.9000 0.8200 0.8281 0.8000 0.8143 0.7128 0.6377 0.8238 0.8667 0.9000 0.7645 0.8273 0.7237 0.8625 0.8302 0.6241 -99999.0000 -99999.0000 -99999.0000 -99999.0000 -99999.0000 -99999.0000 -99999.0000 -99999.0000
-99999.0000 -99999.0000 -99999.0000 -99999.0000 -99999.0000 -99999.0000 -99999.0000 0.9000 0.8182 0.8625 0.9000 -99999.0000 -99999.0000 -99999.0000 -99999.0000 -99999.0000 0.6333 0.8265 0.8344 0.8500 0.8900 0.8797 0.8592 0.7531 0.7226 0.6810 0.8581 0.8770 0.8400 0.8062 0.8143 0.8312 0.8421 -99999.0000 0.8765 0.8333 0.7710 0.7656 0.8695 0.8684 0.8527 0.8250 0.8156 0.8600 0.8610 0.8592 0.8462 0.8429 0.9000 0.8800 0.8123 0.7328 0.8562 0.8562 0.7952 -99999.0000 -99999.0000 -99999.0000 -99999.0000 -99999.0000 -99999.0000 -99999.0000 -99999.0000
-99999.0000 -99999.0000 -99999.0000 -99999.0000 -99999.0000 -99999.0000 -99999.0000 0.8800 0.8682 0.8968 0.8833 0.9000 -99999.0000 -99999.0000 -99999.0000 -99999.0000 -99999.0000 0.8600 0.8345 0.8533 0.8091 0.7952 0.8193 0.7031 0.5469 0.5719 0.8062 0.8719 0.8548 0.8828 0.8714 0.8017 0.8418 0.8405 0.9000 0.8902 0.8767 0.7871 0.8031 0.6323 0.8806 0.8607 0.8365 0.9000 0.8844 0.8533 0.7000 0.8148 0.8857 0.8727 0.8821 0.8687 0.8219 0.8687 0.6770 0.2818 -99999.0000 -99999.0000 -99999.0000 -99999.0000 -99999.0000 -99999.0000 -99999.0000
-99999.0000 -99999.0000 -99999.0000 -99999.0000 -99999.0000 -99999.0000 0.5000 0.8000 0.8867 0.9000 0.8672 0.8556 0.9000 -99999.0000 -99999.0000 0.7000 0.8364 0.8455 0.8887 0.8722 0.8800 0.7750 0.7406 0.7812 0.6906 0.7094 0.8469 0.8438 0.8562 0.8844 0.8796 0.8918 0.8677 0.8746 0.9000 0.8754 0.8667 0.8241 0.7935 0.4781 0.8469 0.8759 0.8333 0.8148 0.8968 0.8429 0.8683 0.8645 0.8129 0.8100 0.8483 0.8000 0.6000 0.7500 0.8250 0.8077 -99999.0000 -99999.0000 -99999.0000 -99999.0000 -99999.0000 -99999.0000 -99999.0000
-99999.0000 -99999.0000 -99999.0000 -99999.0000 -99999.0000 -99999.0000 -99999.0000 0.8412 0.8469 0.8667 0.8548 0.8238 0.8758 0.9000 0.8500 0.8436 0.8781 0.9000 0.8673 0.8387 0.8562 0.8469 0.6438 0.7500 0.6594 0.7875 0.8438 0.8567 0.8781 0.8594 0.8733 0.8344 0.8656 0.8484 0.8355 0.8667 0.7567 0.8206 0.8170 0.6281 0.8452 0.8571 0.8500 0.8846 0.9000 0.8344 0.8270 0.8125 0.8226 0.8643 0.8655 0.7621 0.8276 0.8346 0.7750 0.8360 0.9000 -99999.0000 -99999.0000 -99999.0000 -99999.0000 -99999.0000 -99999.0000
-99999.0000 -99999.0000 -99999.0000 -99999.0000 -99999.0000 -99999.0000 -99999.0000 0.8692 0.8406 0.8469 0.8800 0.8742 0.8831 0.8434 0.8250 0.8533 0.8125 0.8400 0.8000 0.8613 0.8860 0.8489 0.8448 0.8161 0.7875 0.8000 0.8467 0.8281 0.8531 0.7226 0.7897 0.6969 0.8375 0.8452 0.8000 0.6344 0.7982 0.8926 0.8707 0.7719 0.8156 0.9000 0.9000 0.9000 0.7806 0.8774 0.8323 0.7129 0.8625 0.8613 0.8667 0.7258 0.8677 0.8645 0.7875 0.7286 0.5000 -99999.0000 -99999.0000 -99999.0000 -99999.0000 -99999.0000 -99999.0000
-99999.0000 -99999.0000 -99999.0000 -99999.0000 -99999.0000 0.5667 0.8250 0.7667 0.8250 0.8750 0.8806 0.8438 0.8700 0.8645 0.8433 0.8781 0.8812 0.8312 0.8906 0.8613 0.7949 0.9000 0.8483 0.7679 0.7600 0.8094 0.8404 0.8585 0.8600 0.7833 0.7906 0.7625 0.7594 0.8406 0.8562 0.8156 0.8500 0.8800 0.8438 0.8500 0.8250 0.9000 0.8500 0.8565 0.7702 0.8406 0.8700 0.8542 0.8567 0.8062 0.8187 0.7839 0.8687 0.8656 0.7581 0.7733 0.8200 -99999.0000 -99999.0000 -99999.0000 -99999.0000 -99999.0000 -99999.0000
-99999.0000 -99999.0000 -99999.0000 -99999.0000 0.4600 0.7400 0.7625 0.7094 0.7645 0.8613 0.8129 0.7594 0.8438 0.8952 0.8600 0.8812 0.8906 0.8812 0.7719 0.7250 0.8906 0.9000 0.8062 0.8276 0.7344 0.5188 0.7475 0.6153 0.7719 0.8375 0.8909 0.8406 0.8187 0.8737 0.8800 0.6656 0.8235 0.9000 0.8556 0.8529 0.8840 0.8778 0.8547 0.9000 0.7983 0.8438 0.8241 0.7000 0.8789 0.8889 0.7871 0.8222 0.8627 0.8778 0.8419 0.8344 0.8756 0.9000 -99999.0000 -99999.0000 -99999.0000 -99999.0000 -99999.0000
-99999.0000 -99999.0000 -99999.0000 -99999.0000 0.8636 0.8672 0.7812 0.8200 0.7437 0.6935 0.8323 0.8406 0.8810 0.8619 0.8625 0.8594 0.8719 0.8906 0.8833 0.7812 0.8781 0.8759 0.7437 0.8129 0.8860 0.8254 0.7516 0.6875 0.7533 0.8438 0.8312 0.7250 0.7406 0.8529 0.8365 0.8333 0.8760 0.9000 -99999.0000 0.7857 0.9000 0.9000 0.8600 0.8636 0.8695 0.8033 0.8304 0.8579 0.8444 0.8254 0.8687 0.8738 0.8852 0.8500 0.8800 0.8833 0.8781 0.8333 -99999.0000 -99999.0000 -99999.0000 -99999.0000 -99999.0000
-99999.0000 -99999.0000 -99999.0000 -99999.0000 0.9000 0.8822 0.8828 0.8281 0.8094 0.7387 0.8469 0.8533 0.7635 0.7381 0.6937 0.8600 0.9000 0.8488 0.8906 0.7656 0.5312 0.6844 0.8581 0.8226 0.8882 0.8967 0.8469 0.8500 0.8219 0.8462 0.8837 0.8255 0.7033 0.8657 0.8360 0.8692 -99999.0000 -99999.0000 -99999.0000 0.9000 0.8846 0.8562 0.6758 0.8784 0.8951 0.8614 0.8742 0.8463 0.7889 0.8758 0.8864 0.8746 0.9000 0.8756 0.8833 0.8525 0.8541 0.7174 0.7560 0.8273 -99999.0000 -99999.0000 -99999.0000
0.7000 0.5667 -99999.0000 0.9000 0.9000 0.8290 0.8133 0.8750 0.7167 0.7300 0.8867 0.8344 0.8625 0.8833 0.8312 0.8562 0.8614 0.8684 0.8897 0.7844 0.4017 0.3373 0.8200 0.8161 0.8846 0.8952 0.8462 0.7356 0.8571 0.8704 0.8385 0.7870 0.8840 0.8450 0.8935 0.9000 0.3500 0.8048 0.5571 0.9000 0.7781 0.7921 0.6350 0.8455 0.7900 0.8778 0.8267 0.6657 0.7364 0.7667 0.8571 0.8429 0.8836 0.6562 0.8667 0.8804 0.8111 0.7984 0.5955 0.5842 -99999.0000 -99999.0000 -99999.0000
0.8333 0.7533 0.8722 0.8373 0.8833 0.8469 0.8406 0.8062 0.7906 0.7267 0.8687 0.7067 0.8129 0.8133 0.7781 0.8125 0.8438 0.7437 0.8194 0.7562 0.8322 0.7776 0.7791 0.8719 0.7375 0.8269 0.7000 0.6429 0.8172 0.8385 0.8784 0.8525 0.8200 0.8160 0.8577 0.8805 0.8030 0.8016 0.6548 0.8686 0.8680 0.8739 0.8667 0.7900 0.7323 0.8702 0.8312 0.8492 0.8053 0.8200 0.8556 0.8724 0.8862 0.7812 0.8687 0.8656 0.8067 0.8452 0.7407 0.6200 -99999.0000 -99999.0000 -99999.0000
0.8684 0.7528 0.8312 0.8469 0.8419 0.8562 0.8344 0.8438 0.8344 0.8091 0.8902 0.7808 0.7452 0.8562 0.8367 0.8767 0.8000 0.7906 0.7969 0.4800 0.4231 0.6381 0.8447 0.8722 0.8875 0.8838 0.8375 0.8760 0.9000 0.7909 0.7977 0.8786 0.7833 0.7884 0.8524 0.8310 0.8838 0.8870 0.8419 0.8933 0.9000 0.7927 0.7429 0.7731 0.7000 0.9000 0.8228 0.7937 0.8385 0.8511 0.8565 0.8750 0.8833 0.7063 0.8094 0.8500 0.8267 0.8219 0.8187 0.8824 -99999.0000 -99999.0000 -99999.0000
-99999.0000 0.7000 0.7273 0.7681 0.8267 0.8656 0.8806 0.8032 0.8562 0.8724 0.9000 0.8562 0.8812 0.8902 0.8643 0.8123 0.8906 0.8429 0.8710 0.7548 0.7281 0.4031 0.3000 0.7926 0.8882 0.7522 0.8786 0.8913 0.8645 0.8492 0.8322 0.8448 0.8186 0.6829 0.8322 0.7437 0.8367 0.8214 0.8885 0.8385 0.8419 0.7413 0.5414 0.7769 0.1000 0.9000 0.8756 0.7450 0.8770 0.8319 0.8957 0.8719 0.8778 0.6932 0.8897 0.8700 0.7969 0.8031 0.8281 0.5387 0.3000 -99999.0000 -99999.0000
-99999.0000 -99999.0000 -99999.0000 0.6579 0.7967 0.8281 0.8448 0.8241 0.8700 0.8781 0.8750 0.8810 0.8333 0.9000 -99999.0000 0.8000 0.8724 0.8704 0.8923 0.9000 0.8828 0.7375 0.5300 0.8175 0.8821 0.8849 0.8800 0.8968 0.8679 0.8296 0.8175 0.8556 0.8192 0.7806 0.8548 0.7643 0.8267 0.8621 0.8714 0.8839 0.6655 0.8345 0.5909 0.7000 0.8000 0.8111 0.8773 0.7188 0.8375 0.8452 0.8607 0.8710 0.8725 0.8227 0.8509 0.7355 0.8219 0.7781 0.8469 0.7898 0.9000 -99999.0000 -99999.0000
-99999.0000 -99999.0000 -99999.0000 0.7235 0.7594 0.8531 0.8438 0.8760 0.7844 0.8567 0.8438 0.8929 -99999.0000 -99999.0000 0.9000 0.9000 0.8724 0.9000 0.8920 0.9000 0.9000 0.8889 0.8636 0.8463 0.8438 0.8452 0.7844 0.6750 0.7281 0.8613 0.8781 0.5969 0.8100 0.7107 0.6393 0.7156 0.6966 0.8452 0.8364 0.8719 0.7719 0.8577 0.8018 0.8829 0.8633 0.7842 0.8846 0.7317 0.8406 0.8594 0.8812 0.6500 0.8689 0.8510 0.8500 0.8433 0.8031 0.5562 0.8062 0.7969 0.6250 0.5000 -99999.0000
-99999.0000 -99999.0000 -99999.0000 0.8385 0.8600 0.8368 0.7413 0.8097 0.6875 0.8556 0.7792 0.8639 0.7000 -99999.0000 0.7933 0.8000 0.9000 0.8818 0.8767 0.8829 0.8769 0.8500 0.8793 0.8697 0.8094 0.8700 0.7483 0.6831 0.7755 0.7444 0.6531 0.6687 0.8033 0.8625 0.7759 0.8667 0.8654 0.7645 0.8815 0.8619 0.8288 0.8667 0.8710 0.8625 0.7952 0.8048 0.8850 0.8524 0.8312 0.8594 0.8806 0.8290 0.8927 0.7545 0.8567 0.8782 0.8174 0.7698 0.8625 0.8656 0.8556 0.7063 0.5400
-99999.0000 -99999.0000 -99999.0000 -99999.0000 -99999.0000 -99999.0000 0.7733 0.8531 0.8415 0.8360 0.7341 0.7889 0.4556 0.1348 0.4619 0.7508 0.7882 0.7622 0.8031 0.8079 0.7296 0.8710 0.8967 0.8786 0.7281 0.7633 0.7037 0.8061 0.8529 0.8692 0.7312 0.8036 0.6219 0.7250 0.8828 0.8647 0.8541 0.7500 0.8793 0.8661 0.8492 0.8875 0.8781 0.8625 0.8219 0.8644 0.8609 0.8882 0.8969 0.8654 0.8167 0.8080 0.8833 0.8053 0.8469 0.8684 0.8750 0.8855 0.8687 0.8903 0.8967 0.8767 0.8617
-99999.0000 -99999.0000 -99999.0000 -99999.0000 -99999.0000 -99999.0000 0.7000 0.8750 0.7667 -99999.0000 0.8448 0.8587 0.4938 0.1828 0.7000 0.8632 0.8300 0.4625 0.5194 0.8302 0.5600 0.7491 0.8484 0.8548 0.8633 0.7984 0.8733 0.8200 0.7643 0.8200 0.8094 0.6786 0.8370 0.7870 0.8880 0.8860 0.7328 0.7967 0.8419 0.9000 0.9000 0.8355 0.9000 0.9000 0.8871 0.9000 0.8556 0.9000 0.8860 0.8660 0.8609 0.8250 0.8636 0.7880 0.8250 0.8687 0.8700 0.8762 0.8875 0.8806 0.9000 0.8562 0.8667
-99999.0000 -99999.0000 -99999.0000 -99999.0000 -99999.0000 -99999.0000 -99999.0000 -99999.0000 -99999.0000 -99999.0000 0.6913 0.8311 0.3375 0.5053 0.8212 0.8333 0.5552 0.1677 0.6750 0.7164 0.3125 0.7545 0.8370 0.8187 0.8123 0.7169 0.7937 0.8062 0.7250 0.8667 0.8065 0.8689 0.8228 0.7906 0.8111 0.8621 0.8645 0.8531 0.8564 0.9000 0.8704 0.8903 0.8957 0.8879 0.8857 0.9000 0.8590 0.8727 0.8647 0.8520 0.9000 0.8933 0.8312 0.8897 0.8541 0.8677 0.8710 0.7935 0.7375 0.8594 0.8828 0.8438 0.8806
-99999.0000 -99999.0000 -99999.0000 -99999.0000 -99999.0000 -99999.0000 -99999.0000 -99999.0000 -99999.0000 -99999.0000 0.6778 0.8439 0.6767 0.7098 0.6448 0.7984 0.3875 0.1875 0.7000 0.6898 0.1635 0.3938 0.8552 0.8357 0.7719 0.7312 0.8344 0.8393 0.8438 0.7812 0.7607 0.6934 0.7075 0.7781 0.8469 0.8594 0.8269 0.8500 0.8333 0.9000 0.9000 0.8786 0.8353 0.8765 0.8200 0.9000 0.8810 0.8742 0.8686 0.8500 0.8829 0.9000 0.8867 0.9000 0.9000 0.8438 0.8667 0.8619 0.7413 0.8793 0.8803 0.8683 0.8969
