data01/Slope.asc
NCOLS 73
NROWS 78
XLLCORNER 114.8409628900
YLLCORNER 27.1302345400
CELLSIZE 0.100000
NODATA_VALUE -99999.0000
[rows 28 to 55 of 78, columns 0 to 62 of 73]
-99999.0000 -99999.0000 -99999.0000 -99999.0000 -99999.0000 -99999.0000 -99999.0000 -99999.0000 -99999.0000 -99999.0000 0.0000 0.8750 1.0000 1.0000 1.0000 1.0000 1.0000 1.0000 1.0000 1.0000 1.0000 1.0000 1.0000 1.0000 1.0000 1.0000 1.0000 1.0000 1.0000 1.0000 0.9981 0.9552 0.9453 1.0000 1.0000 0.9692 0.9268 0.9000 1.0000 0.9000 0.9000 0.9768 0.9404 0.9436 0.9621 0.9820 1.0000 1.0000 1.0000 1.0000 1.0000 1.0000 1.0000 1.0000 1.0000 1.0000 1.0000 1.0000 1.0000 1.0000 1.0000 1.0000 1.0000
-99999.0000 -99999.0000 -99999.0000 -99999.0000 -99999.0000 -99999.0000 -99999.0000 -99999.0000 -99999.0000 -99999.0000 0.1875 0.9219 1.0000 1.0000 1.0000 1.0000 1.0000 1.0000 1.0000 1.0000 1.0000 1.0000 1.0000 1.0000 1.0000 1.0000 1.0000 1.0000 0.9937 1.0000 0.9948 0.9766 1.0000 1.0000 1.0000 0.9800 0.9859 0.9816 1.0000 0.9667 0.9400 0.9467 0.9948 0.9974 1.0000 1.0000 1.0000 1.0000 1.0000 1.0000 1.0000 1.0000 1.0000 1.0000 1.0000 1.0000 1.0000 1.0000 1.0000 1.0000 1.0000 1.0000 1.0000
-99999.0000 -99999.0000 -99999.0000 -99999.0000 -99999.0000 -99999.0000 -99999.0000 -99999.0000 -99999.0000 -99999.0000 0.5000 1.0000 1.0000 1.0000 1.0000 1.0000 1.0000 1.0000 1.0000 1.0000 1.0000 1.0000 1.0000 1.0000 1.0000 1.0000 1.0000 0.9922 0.9359 0.9741 0.9375 0.9859 0.9875 0.9738 0.9714 1.0000 1.0000 1.0000 0.9803 0.9792 0.9982 0.9984 1.0000 1.0000 1.0000 1.0000 1.0000 1.0000 1.0000 1.0000 1.0000 1.0000 1.0000 1.0000 1.0000 1.0000 1.0000 1.0000 1.0000 1.0000 1.0000 1.0000 1.0000
-99999.0000 -99999.0000 -99999.0000 -99999.0000 -99999.0000 -99999.0000 -99999.0000 0.0000 0.2192 0.1937 0.6314 0.9917 0.9983 1.0000 1.0000 1.0000 1.0000 1.0000 1.0000 1.0000 1.0000 1.0000 1.0000 0.9913 1.0000 1.0000 0.9903 0.9453 0.9845 0.9638 0.9281 0.9533 0.9583 0.9567 0.9810 1.0000 0.9885 0.9857 0.9617 0.9922 1.0000 1.0000 1.0000 1.0000 0.9483 0.9881 1.0000 1.0000 1.0000 1.0000 1.0000 -99999.0000 1.0000 1.0000 1.0000 1.0000 1.0000 1.0000 1.0000 1.0000 1.0000 1.0000 1.0000
-99999.0000 -99999.0000 -99999.0000 -99999.0000 -99999.0000 -99999.0000 0.2905 0.5158 0.8047 0.7632 0.9098 0.8839 0.9203 0.9953 0.9953 1.0000 1.0000 1.0000 1.0000 1.0000 1.0000 1.0000 1.0000 1.0000 1.0000 1.0000 1.0000 0.9930 1.0000 0.9862 0.9529 0.9594 0.9411 0.9850 1.0000 1.0000 0.9667 0.9661 0.9375 0.9609 0.9734 0.9857 0.9761 0.9500 0.9183 0.9789 1.0000 1.0000 1.0000 1.0000 1.0000 1.0000 1.0000 1.0000 1.0000 1.0000 1.0000 1.0000 1.0000 1.0000 1.0000 1.0000 1.0000
-99999.0000 -99999.0000 -99999.0000 -99999.0000 -99999.0000 0.0000 0.5322 0.8625 0.8619 0.8364 0.8576 0.8882 0.8878 0.9387 0.9563 0.9828 0.9891 1.0000 1.0000 1.0000 1.0000 1.0000 1.0000 1.0000 1.0000 1.0000 1.0000 1.0000 -99999.0000 0.9061 0.9780 0.9267 0.9177 0.9936 1.0000 1.0000 1.0000 0.9833 0.9943 0.9290 0.9839 0.9390 0.9600 0.9844 0.9705 0.9981 1.0000 1.0000 1.0000 1.0000 1.0000 1.0000 1.0000 1.0000 1.0000 1.0000 1.0000 1.0000 1.0000 1.0000 1.0000 1.0000 1.0000
-99999.0000 -99999.0000 -99999.0000 -99999.0000 -99999.0000 0.3632 0.8375 0.8781 0.8780 0.8145 0.7906 0.8245 0.8712 0.8516 0.9469 0.9797 0.9317 0.9567 1.0000 1.0000 1.0000 1.0000 1.0000 1.0000 1.0000 1.0000 1.0000 1.0000 0.9053 0.8762 0.9393 0.9466 0.9746 1.0000 1.0000 1.0000 0.9685 0.9734 1.0000 1.0000 1.0000 0.9964 0.9703 0.9719 1.0000 0.9952 1.0000 1.0000 1.0000 1.0000 1.0000 0.9961 0.9864 1.0000 1.0000 1.0000 1.0000 1.0000 1.0000 1.0000 1.0000 1.0000 1.0000
-99999.0000 -99999.0000 -99999.0000 -99999.0000 -99999.0000 0.4114 0.8095 0.8328 0.7306 0.7312 0.7656 0.7453 0.7141 0.8406 0.8885 0.9161 0.9391 0.9172 0.9516 0.9969 0.9857 0.9873 0.9922 1.0000 0.9953 0.9953 1.0000 1.0000 0.9933 0.9797 0.9887 1.0000 1.0000 1.0000 1.0000 1.0000 0.9952 0.9953 1.0000 1.0000 1.0000 1.0000 1.0000 1.0000 1.0000 0.9762 1.0000 1.0000 0.9522 0.9524 1.0000 1.0000 1.0000 1.0000 1.0000 1.0000 1.0000 1.0000 1.0000 1.0000 1.0000 1.0000 1.0000
-99999.0000 -99999.0000 -99999.0000 -99999.0000 -99999.0000 -99999.0000 0.5289 0.7737 0.5364 0.7972 0.7235 0.8219 0.7825 0.8245 0.7511 0.8787 0.8953 0.8656 0.9460 0.9432 0.9016 0.8891 0.8719 0.9683 0.9640 0.9656 1.0000 0.9672 0.9922 1.0000 1.0000 1.0000 1.0000 1.0000 1.0000 1.0000 1.0000 1.0000 1.0000 1.0000 1.0000 1.0000 1.0000 1.0000 0.9857 0.9615 0.9655 0.9889 0.8937 0.8867 0.9920 -99999.0000 -99999.0000 -99999.0000 1.0000 0.9585 0.9667 1.0000 1.0000 1.0000 1.0000 1.0000 1.0000
-99999.0000 -99999.0000 -99999.0000 -99999.0000 -99999.0000 -99999.0000 0.0000 0.4800 -99999.0000 0.3500 0.7520 0.8328 0.7322 0.6794 0.7098 0.8105 0.8188 0.8625 0.8562 0.8469 0.8419 0.8375 0.9242 0.9983 0.9944 0.9932 1.0000 0.9703 0.9953 1.0000 1.0000 0.9970 0.9609 0.9903 0.9905 0.9983 1.0000 1.0000 1.0000 0.9759 0.9447 1.0000 1.0000 1.0000 0.9621 0.9281 0.8672 0.8909 0.8654 0.8540 0.8628 -99999.0000 -99999.0000 -99999.0000 0.9429 0.9000 0.9737 1.0000 1.0000 1.0000 1.0000 1.0000 1.0000
-99999.0000 -99999.0000 -99999.0000 -99999.0000 -99999.0000 -99999.0000 -99999.0000 -99999.0000 -99999.0000 0.0000 0.3895 0.6322 0.7266 0.6531 0.6938 0.7312 0.7734 0.7609 0.7937 0.8429 0.8067 0.9178 0.9937 0.9688 1.0000 0.9532 0.9266 0.9619 1.0000 1.0000 1.0000 0.9860 0.9293 0.9411 0.9263 0.9929 1.0000 1.0000 1.0000 0.9932 0.9636 1.0000 1.0000 1.0000 0.9625 0.9177 0.9065 0.9194 0.8518 0.8429 0.9345 1.0000 -99999.0000 0.9000 0.9412 1.0000 1.0000 1.0000 1.0000 1.0000 1.0000 1.0000 1.0000
-99999.0000 -99999.0000 -99999.0000 -99999.0000 -99999.0000 -99999.0000 -99999.0000 -99999.0000 -99999.0000 -99999.0000 -99999.0000 0.0000 0.4983 0.7266 0.6967 0.7800 0.6500 0.7234 0.8234 0.7877 0.9054 1.0000 1.0000 1.0000 0.9935 0.9258 0.8629 0.8259 0.9273 1.0000 0.9978 0.9594 0.9224 0.9453 0.9732 1.0000 1.0000 1.0000 0.9585 0.9962 0.9531 0.9679 0.9952 0.9977 0.9703 0.9828 0.9969 0.9213 0.8302 0.9203 0.9967 0.9235 0.9375 1.0000 1.0000 1.0000 1.0000 1.0000 1.0000 1.0000 1.0000 1.0000 1.0000
-99999.0000 -99999.0000 -99999.0000 -99999.0000 -99999.0000 -99999.0000 -99999.0000 -99999.0000 -99999.0000 -99999.0000 0.1806 0.5902 0.5844 0.7862 0.8000 0.7667 0.7594 0.8359 0.8297 0.9349 0.9984 1.0000 1.0000 0.9696 0.9255 0.9086 0.9246 0.9509 0.9939 0.9324 0.9311 0.9078 0.9016 0.9312 0.9979 0.9895 1.0000 1.0000 1.0000 1.0000 0.9823 0.9016 0.9500 0.9196 0.9594 0.9667 0.9927 0.9977 0.9455 0.9797 1.0000 0.9204 0.9625 1.0000 1.0000 1.0000 1.0000 1.0000 1.0000 1.0000 1.0000 1.0000 1.0000
-99999.0000 -99999.0000 -99999.0000 -99999.0000 -99999.0000 -99999.0000 -99999.0000 -99999.0000 -99999.0000 0.0000 0.5695 0.8391 0.6234 0.7703 0.7609 0.7629 0.6984 0.7953 0.9641 1.0000 1.0000 0.9875 1.0000 0.9278 0.9492 0.9839 1.0000 1.0000 1.0000 0.8654 0.8627 0.9047 0.9641 0.9969 0.9483 0.9333 0.9935 0.9578 0.9531 0.9641 0.9766 0.8797 0.8922 0.9203 0.9266 0.8672 0.8780 0.9317 0.9774 0.9266 0.9156 0.9187 0.9712 1.0000 1.0000 1.0000 1.0000 1.0000 1.0000 1.0000 1.0000 1.0000 1.0000
-99999.0000 -99999.0000 -99999.0000 -99999.0000 -99999.0000 -99999.0000 -99999.0000 -99999.0000 -99999.0000 0.5395 0.8250 0.7906 0.7297 0.7672 0.7891 0.7333 0.7250 0.9326 1.0000 0.9814 0.9593 0.9115 0.8347 0.9714 0.9848 0.9914 1.0000 0.9745 0.9839 0.9354 0.9667 0.9344 0.8767 0.9109 0.8844 0.8846 0.8790 0.8766 0.8547 0.8344 0.8833 0.9586 0.9250 0.9109 0.8433 0.8531 0.8767 0.9266 0.9240 0.8516 0.8217 0.9250 0.9727 1.0000 1.0000 1.0000 1.0000 1.0000 1.0000 1.0000 1.0000 1.0000 1.0000
-99999.0000 -99999.0000 -99999.0000 -99999.0000 -99999.0000 -99999.0000 -99999.0000 -99999.0000 -99999.0000 0.1000 0.6660 0.7953 0.7870 0.8204 0.8097 0.7812 0.9828 1.0000 0.9922 0.9141 0.9032 0.8744 0.8250 1.0000 1.0000 0.9776 0.9086 0.8031 0.8969 0.8066 0.8018 0.8387 0.8500 0.8266 0.8891 0.8797 0.8406 0.8219 0.8031 0.8375 0.8596 0.9239 0.8891 0.8359 0.8641 0.8623 0.9245 0.9359 0.8460 0.8609 0.8544 0.9732 1.0000 1.0000 1.0000 1.0000 1.0000 1.0000 1.0000 1.0000 1.0000 1.0000 1.0000
-99999.0000 -99999.0000 -99999.0000 -99999.0000 -99999.0000 -99999.0000 -99999.0000 -99999.0000 -99999.0000 -99999.0000 0.2346 0.8141 0.6768 0.8528 0.8152 0.9297 1.0000 1.0000 0.9672 0.9387 0.9674 0.9974 1.0000 0.9625 0.9571 0.9458 0.8825 0.8525 0.8438 0.6018 0.7017 0.7781 0.8781 0.8768 0.8094 0.8125 0.8219 0.7906 0.7922 0.8800 0.9000 0.8344 0.8781 0.8464 0.8183 0.7455 0.6200 0.6578 0.7597 0.8435 0.8966 0.8930 0.9865 1.0000 1.0000 1.0000 1.0000 1.0000 1.0000 1.0000 1.0000 1.0000 -99999.0000
-99999.0000 -99999.0000 -99999.0000 -99999.0000 -99999.0000 -99999.0000 -99999.0000 -99999.0000 -99999.0000 -99999.0000 0.3600 0.7333 0.7391 0.8313 0.9911 0.9609 0.9547 1.0000 1.0000 1.0000 1.0000 1.0000 0.9364 0.9522 0.9306 0.8734 0.8255 0.8000 0.8000 0.7100 0.8339 0.8556 0.8522 0.7776 0.7812 0.8016 0.8187 0.7547 0.7969 0.9187 0.7922 0.6922 0.7953 0.8094 0.7750 0.4615 0.7000 0.7656 0.6859 0.8641 0.9345 0.9280 0.9927 0.9608 0.9886 1.0000 1.0000 1.0000 1.0000 1.0000 1.0000 1.0000 1.0000
-99999.0000 -99999.0000 -99999.0000 -99999.0000 -99999.0000 -99999.0000 -99999.0000 -99999.0000 -99999.0000 -99999.0000 0.2000 0.5308 0.8900 0.9734 1.0000 0.9655 0.9762 1.0000 1.0000 1.0000 1.0000 0.9864 0.9377 0.8758 0.8047 0.8508 0.7365 0.7333 0.7821 0.8000 0.8371 0.8317 0.8500 0.8768 0.8016 0.8234 0.7828 0.8453 0.8581 0.8065 0.7891 0.6981 0.6048 0.6500 0.8359 0.7524 0.8032 0.8266 0.8709 0.9182 0.9647 0.9956 0.8600 1.0000 1.0000 1.0000 1.0000 1.0000 1.0000 1.0000 1.0000 1.0000 1.0000
-99999.0000 -99999.0000 -99999.0000 -99999.0000 -99999.0000 -99999.0000 -99999.0000 -99999.0000 -99999.0000 -99999.0000 -99999.0000 0.0000 0.6673 0.9661 1.0000 1.0000 1.0000 1.0000 1.0000 1.0000 1.0000 0.9652 0.8906 0.8953 0.7781 0.7460 0.8254 0.8484 0.8067 0.8562 0.9094 0.8687 0.6656 0.5172 0.8031 0.7031 0.7375 0.8586 0.8403 0.6764 0.7638 0.5312 0.6469 0.8125 0.8750 0.9000 0.8267 0.9034 0.8816 0.9068 0.8937 0.8510 0.8739 1.0000 1.0000 1.0000 1.0000 1.0000 1.0000 1.0000 1.0000 1.0000 1.0000
-99999.0000 -99999.0000 -99999.0000 -99999.0000 -99999.0000 -99999.0000 -99999.0000 -99999.0000 -99999.0000 -99999.0000 -99999.0000 -99999.0000 0.5152 1.0000 1.0000 1.0000 1.0000 1.0000 0.8000 0.9882 0.9018 0.8275 0.8790 0.8500 0.7078 0.6945 0.6429 0.7639 0.8047 0.8313 0.7914 0.6797 0.6000 0.6050 0.6672 0.7437 0.8548 0.8500 0.7922 0.6022 0.6125 0.7286 0.8250 0.8234 0.7722 0.8468 0.8687 0.8984 0.8766 0.8938 0.8755 0.8514 0.8323 0.9682 0.9235 0.9000 0.9714 1.0000 0.9958 0.9787 1.0000 1.0000 0.9935
-99999.0000 -99999.0000 -99999.0000 -99999.0000 -99999.0000 -99999.0000 -99999.0000 -99999.0000 -99999.0000 -99999.0000 -99999.0000 -99999.0000 0.8000 1.0000 1.0000 1.0000 0.6316 0.1250 -99999.0000 0.3818 0.6787 0.8917 0.8359 0.6156 0.5906 0.7131 0.6625 0.7754 0.7703 0.8016 0.7452 0.7750 0.8467 0.8855 0.7797 0.8828 0.9097 0.8500 0.8750 0.7891 0.6349 0.7111 0.8281 0.8422 0.7297 0.8346 0.8500 0.8117 0.8812 0.8778 0.9083 0.8020 0.7469 0.9000 0.9446 0.8803 0.9353 0.9852 0.9581 0.9189 0.9686 0.9237 0.8650
-99999.0000 -99999.0000 -99999.0000 -99999.0000 -99999.0000 -99999.0000 -99999.0000 -99999.0000 -99999.0000 -99999.0000 -99999.0000 -99999.0000 0.0000 0.8400 1.0000 1.0000 0.9000 0.0000 -99999.0000 0.0000 0.5020 0.8817 0.6102 0.0000 0.5940 0.7220 0.9094 0.8937 0.9050 0.9141 0.8969 0.8984 0.8250 0.8613 0.8930 0.9180 0.9234 0.8817 0.8562 0.7703 0.8219 0.8500 0.8500 0.8391 0.8891 0.8125 0.7823 0.8125 0.8783 0.8872 0.8213 0.7688 0.8625 0.9094 0.8786 0.9133 0.8797 0.8733 0.8556 0.9263 0.9172 0.8102 0.7475
-99999.0000 -99999.0000 -99999.0000 -99999.0000 -99999.0000 -99999.0000 -99999.0000 -99999.0000 -99999.0000 -99999.0000 -99999.0000 -99999.0000 -99999.0000 1.0000 0.5556 -99999.0000 -99999.0000 -99999.0000 0.3077 0.6255 0.9016 0.8828 0.5286 -99999.0000 -99999.0000 0.3308 0.8492 0.9203 0.8672 0.8328 0.9375 0.9328 0.8917 0.9271 0.9690 0.9450 0.8797 0.8344 0.8295 0.8018 0.7234 0.7734 0.8226 0.8689 0.7906 0.7563 0.8000 0.8400 0.7302 0.7141 0.7656 0.7969 0.8344 0.9267 0.9435 0.9340 0.8094 0.8375 0.8309 0.8951 0.9094 0.7453 0.7567
-99999.0000 -99999.0000 -99999.0000 -99999.0000 -99999.0000 -99999.0000 -99999.0000 -99999.0000 -99999.0000 -99999.0000 -99999.0000 -99999.0000 -99999.0000 -99999.0000 -99999.0000 -99999.0000 -99999.0000 -99999.0000 0.5620 0.9625 0.8098 0.7111 0.3545 -99999.0000 -99999.0000 -99999.0000 0.7419 0.8292 0.7571 0.8308 0.8203 0.8578 0.9187 0.9638 0.9767 0.8794 0.7563 0.7734 0.7639 0.7119 0.7521 0.7413 0.8600 0.8305 0.8371 0.8306 0.8254 0.8804 0.6559 0.7344 0.7875 0.8750 0.8214 0.9171 0.9347 0.9297 0.8031 0.8703 0.7547 0.7567 0.8500 0.7406 0.8000
-99999.0000 -99999.0000 -99999.0000 -99999.0000 -99999.0000 -99999.0000 -99999.0000 -99999.0000 -99999.0000 -99999.0000 -99999.0000 -99999.0000 -99999.0000 -99999.0000 -99999.0000 -99999.0000 -99999.0000 -99999.0000 0.2238 0.5000 0.3462 -99999.0000 -99999.0000 -99999.0000 -99999.0000 -99999.0000 -99999.0000 -99999.0000 -99999.0000 -99999.0000 0.7667 0.5325 0.6298 0.8781 0.7547 0.7328 0.6594 0.7437 0.8391 0.8115 0.8091 0.9200 0.9000 0.8000 0.8222 0.8288 0.7875 0.7583 0.7500 0.8344 0.8547 0.8828 0.8589 0.8781 0.9048 0.8463 0.7828 0.8078 0.9085 0.9194 0.8943 0.7750 0.7790
-99999.0000 -99999.0000 -99999.0000 -99999.0000 -99999.0000 -99999.0000 -99999.0000 -99999.0000 -99999.0000 -99999.0000 -99999.0000 -99999.0000 -99999.0000 -99999.0000 -99999.0000 -99999.0000 -99999.0000 -99999.0000 -99999.0000 -99999.0000 -99999.0000 -99999.0000 -99999.0000 -99999.0000 -99999.0000 -99999.0000 -99999.0000 -99999.0000 -99999.0000 -99999.0000 -99999.0000 -99999.0000 0.0800 0.6984 0.7823 0.7875 0.6625 0.8810 0.9028 0.8700 0.8286 0.8125 0.7619 0.7902 0.8660 0.8175 0.8677 0.8094 0.8359 0.7839 0.7949 0.8787 0.9062 0.7937 0.8050 0.7054 0.7328 0.7645 0.8918 0.9138 0.9023 0.9150 0.8641
-99999.0000 -99999.0000 -99999.0000 -99999.0000 -99999.0000 -99999.0000 -99999.0000 -99999.0000 -99999.0000 -99999.0000 -99999.0000 -99999.0000 -99999.0000 -99999.0000 -99999.0000 -99999.0000 -99999.0000 -99999.0000 -99999.0000 -99999.0000 -99999.0000 -99999.0000 -99999.0000 -99999.0000 -99999.0000 -99999.0000 -99999.0000 -99999.0000 -99999.0000 -99999.0000 -99999.0000 -99999.0000 0.0000 0.6743 0.7875 0.8081 0.8567 0.8619 0.8375 0.8386 0.7359 0.8156 0.7935 0.8393 0.7906 0.8391 0.8938 0.8062 0.8094 0.8516 0.7333 0.8117 0.9286 0.7948 0.8172 0.7710 0.8406 0.8117 0.8172 0.8297 0.8594 0.8020 0.8532
