data01/Solar.asc
NCOLS 73
NROWS 78
XLLCORNER 114.8409628900
YLLCORNER 27.1302345400
CELLSIZE 0.100000
NODATA_VALUE -99999.0000
[rows 28 to 55 of 78, columns 0 to 62 of 73]
-99999.0000 -99999.0000 -99999.0000 -99999.0000 -99999.0000 -99999.0000 -99999.0000 -99999.0000 -99999.0000 -99999.0000 0.6700 0.6875 0.6422 0.7000 0.6855 0.6828 0.7000 0.7000 0.7000 0.7000 0.7000 0.7000 0.7000 0.7000 0.7000 0.7000 0.7000 0.7000 0.7000 0.7000 0.7000 0.7000 0.6969 0.7000 0.7000 0.6846 0.6554 0.6163 0.6727 0.6000 0.6143 0.6393 0.6731 0.6718 0.6483 0.6918 0.7000 0.7000 0.7000 0.7000 0.7000 0.7000 0.7000 0.7000 0.7000 0.7000 0.7000 0.7000 0.7000 0.7000 0.7000 0.7000 0.7048
-99999.0000 -99999.0000 -99999.0000 -99999.0000 -99999.0000 -99999.0000 -99999.0000 -99999.0000 -99999.0000 -99999.0000 0.6000 0.6031 0.6047 0.6323 0.6016 0.6172 0.6672 0.7000 0.7000 0.7000 0.7000 0.7000 0.7000 0.7000 0.7000 0.7000 0.7000 0.7000 0.7000 0.7000 0.7000 0.7000 0.7000 0.7000 0.6934 0.6967 0.7000 0.7000 0.6600 0.6000 0.7000 0.6800 0.7000 0.7000 0.7000 0.7000 0.7000 0.7000 0.7000 0.7000 0.7000 0.7000 0.7000 0.7000 0.7000 0.7000 0.7000 0.7000 0.7034 0.7600 0.7000 0.7000 0.7000
-99999.0000 -99999.0000 -99999.0000 -99999.0000 -99999.0000 -99999.0000 -99999.0000 -99999.0000 -99999.0000 -99999.0000 0.6000 0.6000 0.6000 0.6000 0.6000 0.6000 0.6048 0.6650 0.6968 0.7000 0.7000 0.7000 0.6933 0.6300 0.7000 0.7000 0.7000 0.7000 0.6937 0.6948 0.6625 0.6953 0.6891 0.6541 0.6381 0.7000 0.7000 0.6871 0.6902 0.6792 0.7000 0.7000 0.7000 0.7000 0.6984 0.6884 0.7000 0.7000 0.7000 0.7000 0.7000 0.7000 0.7000 0.7000 0.7000 0.7000 0.7000 0.7000 0.7056 0.7676 0.7000 0.7255 0.7423
-99999.0000 -99999.0000 -99999.0000 -99999.0000 -99999.0000 -99999.0000 -99999.0000 0.6000 0.6000 0.6000 0.6000 0.6000 0.6000 0.6000 0.6000 0.6000 0.6000 0.6028 0.6097 0.6467 0.6500 0.6375 0.6254 0.6913 0.7000 0.7000 0.7000 0.7000 0.7000 0.6948 0.6734 0.6417 0.6367 0.6433 0.6952 0.7000 0.6731 0.6651 0.6500 0.6703 0.7000 0.7000 0.7000 0.7000 0.6633 0.6661 0.7000 0.7000 0.7000 0.7000 0.7000 -99999.0000 0.7000 0.7000 0.7000 0.7000 0.7000 0.7000 0.7000 0.7175 0.7000 0.7385 0.8000
-99999.0000 -99999.0000 -99999.0000 -99999.0000 -99999.0000 -99999.0000 0.6524 0.6421 0.6125 0.6053 0.5922 0.5968 0.6000 0.6000 0.6000 0.6000 0.6000 0.6000 0.6000 0.6000 0.6000 0.6000 0.6082 0.6964 0.7000 0.7000 0.7000 0.7000 0.7000 0.6966 0.6216 0.6313 0.6375 0.6917 0.7000 0.7000 0.6889 0.6613 0.6500 0.6656 0.6812 0.6982 0.7000 0.7000 0.6617 0.6912 0.7000 0.7000 0.7000 0.7000 0.7000 0.7000 0.7000 0.7000 0.7000 0.7000 0.7000 0.7000 0.7000 0.7000 0.7000 0.7238 0.7766
-99999.0000 -99999.0000 -99999.0000 -99999.0000 -99999.0000 0.6000 0.5847 0.6672 0.6460 0.6295 0.6034 0.5961 0.5805 0.5871 0.6000 0.6000 0.6000 0.6000 0.6000 0.6000 0.6000 0.6000 0.6242 0.6828 0.7000 0.7000 0.7000 0.7000 -99999.0000 0.6061 0.6000 0.6000 0.6371 0.6979 0.7000 0.7000 0.7000 0.7000 0.7000 0.6823 0.6964 0.6927 0.6967 0.7000 0.7000 0.7000 0.7000 0.7000 0.7000 0.7000 0.7000 0.7000 0.7000 0.7000 0.7000 0.7000 0.7000 0.7000 0.7000 0.7000 0.7000 0.7000 0.7104
-99999.0000 -99999.0000 -99999.0000 -99999.0000 -99999.0000 0.6263 0.6094 0.6359 0.6153 0.6000 0.5938 0.5868 0.5746 0.5781 0.6000 0.6000 0.6000 0.6000 0.6000 0.6000 0.6000 0.6000 0.6000 0.6083 0.6600 0.6945 0.7000 0.6000 0.6132 0.6048 0.6232 0.6414 0.6881 0.7000 0.7000 0.7000 0.6926 0.6937 0.7000 0.7000 0.7000 0.7000 0.6969 0.6906 0.7000 0.7000 0.7000 0.7000 0.7000 0.7000 0.7000 0.7000 0.7000 0.7000 0.7000 0.7000 0.7000 0.7000 0.7000 0.7000 0.7000 0.7000 0.7000
-99999.0000 -99999.0000 -99999.0000 -99999.0000 -99999.0000 0.6629 0.6556 0.6391 0.6000 0.5953 0.6156 0.6375 0.5922 0.5922 0.5981 0.5919 0.5922 0.6000 0.6000 0.6000 0.6000 0.6000 0.6000 0.6000 0.6000 0.6141 0.6714 0.6644 0.6333 0.6984 0.6984 0.7000 0.7000 0.7000 0.7000 0.7000 0.7000 0.7000 0.7000 0.7000 0.7000 0.7000 0.7000 0.7000 0.7000 0.6810 0.7000 0.7000 0.6848 0.6667 0.7000 0.7000 0.7000 0.7000 0.7000 0.7000 0.6739 0.7000 0.7000 0.7000 0.7000 0.7000 0.7000
-99999.0000 -99999.0000 -99999.0000 -99999.0000 -99999.0000 -99999.0000 0.7000 0.6737 0.6000 0.5972 0.6608 0.6547 0.6302 0.5868 0.5889 0.5689 0.5672 0.5781 0.6000 0.6000 0.5935 0.5938 0.6000 0.6000 0.6000 0.6000 0.6000 0.6000 0.6047 0.6825 0.7000 0.7000 0.7000 0.6933 0.6769 0.7000 0.7000 0.7000 0.7000 0.7000 0.7000 0.7000 0.7000 0.7000 0.6952 0.6577 0.6436 0.6685 0.6159 0.6067 0.7000 -99999.0000 -99999.0000 -99999.0000 0.7000 0.7000 0.6905 0.7000 0.7000 0.7000 0.7000 0.7000 0.7000
-99999.0000 -99999.0000 -99999.0000 -99999.0000 -99999.0000 -99999.0000 0.7000 0.6680 -99999.0000 0.7000 0.6880 0.6906 0.6441 0.5778 0.5623 0.5842 0.5953 0.5813 0.5766 0.5781 0.5452 0.6000 0.6000 0.6000 0.6000 0.6000 0.6000 0.6000 0.6000 0.6435 0.6780 0.6515 0.6043 0.6161 0.6587 0.6983 0.7000 0.7000 0.7000 0.7000 0.6830 0.7000 0.7000 0.7000 0.6793 0.6031 0.5967 0.5927 0.5923 0.5905 0.6419 -99999.0000 -99999.0000 -99999.0000 0.7000 0.7000 0.7000 0.7000 0.7000 0.7000 0.7000 0.7000 0.7000
-99999.0000 -99999.0000 -99999.0000 -99999.0000 -99999.0000 -99999.0000 -99999.0000 -99999.0000 -99999.0000 0.7000 0.7000 0.6949 0.6516 0.5984 0.5938 0.5734 0.5641 0.5312 0.5797 0.5841 0.5800 0.6200 0.6078 0.6000 0.6000 0.6000 0.6000 0.6000 0.6000 0.6500 0.6087 0.6000 0.6000 0.6000 0.6000 0.6881 0.7000 0.7000 0.7000 0.7000 0.7000 0.7000 0.7000 0.7000 0.6797 0.6161 0.6452 0.6177 0.6000 0.5929 0.6564 0.7000 -99999.0000 0.7000 0.6765 0.7000 0.7000 0.7000 0.7000 0.7000 0.7000 0.7000 0.7000
-99999.0000 -99999.0000 -99999.0000 -99999.0000 -99999.0000 -99999.0000 -99999.0000 -99999.0000 -99999.0000 -99999.0000 -99999.0000 0.5333 0.6450 0.6953 0.6183 0.6200 0.5922 0.6234 0.6375 0.6140 0.6714 0.7000 0.6655 0.6349 0.6000 0.6000 0.5871 0.5931 0.6000 0.6000 0.6000 0.6000 0.5966 0.6000 0.6000 0.6803 0.6935 0.6905 0.7000 0.7000 0.7000 0.6839 0.6710 0.6864 0.6719 0.6953 0.7000 0.6492 0.6208 0.6375 0.6833 0.6824 0.6792 0.7000 0.7000 0.7000 0.7000 0.7000 0.7000 0.7000 0.7000 0.7000 0.7000
-99999.0000 -99999.0000 -99999.0000 -99999.0000 -99999.0000 -99999.0000 -99999.0000 -99999.0000 -99999.0000 -99999.0000 0.7000 0.6590 0.6234 0.6931 0.6963 0.6759 0.6203 0.6812 0.6531 0.6968 0.7000 0.7000 0.6714 0.6214 0.5964 0.6069 0.6639 0.6873 0.6333 0.6000 0.6000 0.5938 0.5844 0.6000 0.6000 0.6404 0.6875 0.6812 0.6607 0.6564 0.6484 0.5891 0.6000 0.6000 0.6000 0.6156 0.6509 0.6256 0.6273 0.6625 0.6613 0.6500 0.6500 0.7000 0.7000 0.7000 0.7000 0.7000 0.7000 0.7000 0.7000 0.7000 0.7000
-99999.0000 -99999.0000 -99999.0000 -99999.0000 -99999.0000 -99999.0000 -99999.0000 -99999.0000 -99999.0000 0.6455 0.6864 0.6703 0.5984 0.6812 0.6922 0.6532 0.5969 0.6625 0.7000 0.7000 0.7000 0.6875 0.6000 0.6000 0.6000 0.6258 0.6943 0.6800 0.6333 0.6000 0.5898 0.5969 0.6000 0.6000 0.6000 0.6000 0.6000 0.6125 0.6000 0.6000 0.6000 0.5969 0.5938 0.5969 0.5906 0.5967 0.5763 0.6000 0.6000 0.5969 0.5844 0.6000 0.6153 0.7000 0.7000 0.7000 0.7000 0.7000 0.7000 0.7000 0.7000 0.7070 0.7531
-99999.0000 -99999.0000 -99999.0000 -99999.0000 -99999.0000 -99999.0000 -99999.0000 -99999.0000 -99999.0000 0.6421 0.6719 0.6687 0.6750 0.6844 0.6594 0.6333 0.6350 0.6935 0.7000 0.6949 0.6458 0.6016 0.6000 0.6000 0.6697 0.6914 0.6313 0.6235 0.6000 0.6000 0.6000 0.5969 0.5767 0.6000 0.5813 0.5846 0.5968 0.5375 0.5656 0.5406 0.5967 0.5931 0.6000 0.6000 0.5983 0.5703 0.5967 0.6000 0.6000 0.5750 0.5700 0.6000 0.6152 0.7000 0.7000 0.7000 0.7000 0.7000 0.7000 0.7000 0.7020 0.7618 0.8000
-99999.0000 -99999.0000 -99999.0000 -99999.0000 -99999.0000 -99999.0000 -99999.0000 -99999.0000 -99999.0000 0.5667 0.6574 0.6750 0.6519 0.6667 0.6194 0.6516 0.6984 0.7000 0.6953 0.6500 0.6226 0.6282 0.6650 0.6882 0.7000 0.6612 0.5948 0.5953 0.5859 0.5656 0.5702 0.5613 0.5633 0.5797 0.5969 0.5859 0.5719 0.5453 0.5047 0.5625 0.5923 0.5957 0.5875 0.5891 0.5672 0.5774 0.6000 0.5969 0.5660 0.5297 0.5719 0.6000 0.6423 0.7000 0.7000 0.7000 0.7000 0.7000 0.7000 0.7000 0.7424 0.8000 0.8000
-99999.0000 -99999.0000 -99999.0000 -99999.0000 -99999.0000 -99999.0000 -99999.0000 -99999.0000 -99999.0000 -99999.0000 0.6269 0.6172 0.6036 0.6056 0.6543 0.6953 0.7000 0.7000 0.6922 0.6726 0.6860 0.7000 0.7000 0.6625 0.6607 0.6034 0.5930 0.5825 0.5531 0.5018 0.5367 0.5844 0.5938 0.5875 0.5609 0.5500 0.5813 0.5547 0.5766 0.5960 0.5948 0.5672 0.5875 0.5571 0.5233 0.5182 0.4911 0.5094 0.5113 0.5565 0.5661 0.6000 0.6135 0.6673 0.7000 0.7000 0.7000 0.7000 0.7000 0.7065 0.7915 0.8000 -99999.0000
-99999.0000 -99999.0000 -99999.0000 -99999.0000 -99999.0000 -99999.0000 -99999.0000 -99999.0000 -99999.0000 -99999.0000 0.5867 0.5967 0.5859 0.6266 0.6964 0.7000 0.6875 0.7000 0.7000 0.7000 0.7000 0.7000 0.6545 0.6000 0.6000 0.5938 0.5723 0.5000 0.6000 0.5200 0.5774 0.5806 0.5783 0.5534 0.5734 0.5734 0.5906 0.5875 0.5969 0.5922 0.5719 0.5344 0.5531 0.5125 0.5547 0.5000 0.5204 0.5437 0.5281 0.5719 0.6000 0.6000 0.6000 0.6039 0.6886 0.7000 0.7000 0.7000 0.7000 0.7052 0.7848 0.8000 0.5333
-99999.0000 -99999.0000 -99999.0000 -99999.0000 -99999.0000 -99999.0000 -99999.0000 -99999.0000 -99999.0000 -99999.0000 0.5333 0.6026 0.6467 0.6922 0.7000 0.7000 0.7000 0.7000 0.7000 0.7000 0.7000 0.7000 0.6585 0.5935 0.5938 0.5841 0.5444 0.5316 0.5571 0.5525 0.5790 0.5833 0.5673 0.5804 0.5844 0.5875 0.6062 0.6219 0.5871 0.5613 0.5875 0.5426 0.5306 0.5375 0.5797 0.5730 0.5905 0.5906 0.5964 0.6000 0.5961 0.6000 0.6000 0.6300 0.6722 0.7000 0.7000 0.7000 0.3500 0.7786 0.8000 0.7000 0.7500
-99999.0000 -99999.0000 -99999.0000 -99999.0000 -99999.0000 -99999.0000 -99999.0000 -99999.0000 -99999.0000 -99999.0000 -99999.0000 0.7000 0.6755 0.7000 0.7000 0.7000 0.7000 0.7000 0.7000 0.7000 0.7000 0.6587 0.5984 0.5984 0.5625 0.5444 0.5873 0.5688 0.5717 0.5688 0.5734 0.5344 0.5422 0.5094 0.5531 0.5641 0.6141 0.6190 0.6194 0.5764 0.5574 0.5547 0.5516 0.5766 0.5813 0.5844 0.5967 0.5810 0.5878 0.5814 0.5810 0.5918 0.5913 0.6000 0.6000 0.6600 0.6789 0.7000 0.6263 0.3000 0.7000 0.7000 0.7000
-99999.0000 -99999.0000 -99999.0000 -99999.0000 -99999.0000 -99999.0000 -99999.0000 -99999.0000 -99999.0000 -99999.0000 -99999.0000 -99999.0000 0.7000 0.7000 0.7000 0.7000 0.7000 0.7000 0.7000 0.6853 0.6357 0.5922 0.5903 0.5750 0.4828 0.5291 0.5476 0.5525 0.5672 0.5672 0.5741 0.5125 0.4859 0.5600 0.5406 0.5500 0.6242 0.6417 0.6219 0.5511 0.5156 0.5175 0.5688 0.5750 0.5500 0.5935 0.5813 0.5766 0.5625 0.5766 0.5633 0.5784 0.5935 0.6000 0.5971 0.5975 0.6286 0.7000 0.7000 0.7000 0.7000 0.7000 0.7000
-99999.0000 -99999.0000 -99999.0000 -99999.0000 -99999.0000 -99999.0000 -99999.0000 -99999.0000 -99999.0000 -99999.0000 -99999.0000 -99999.0000 0.7000 0.7000 0.7000 0.7000 0.7000 0.7000 -99999.0000 0.6000 0.5915 0.6000 0.5969 0.5453 0.4953 0.5492 0.5875 0.5492 0.5750 0.6031 0.5871 0.6234 0.5967 0.6065 0.6266 0.6641 0.6968 0.6719 0.6359 0.5625 0.5333 0.5190 0.5203 0.5672 0.5469 0.5846 0.5726 0.5850 0.5906 0.5905 0.5750 0.5653 0.5328 0.5968 0.5982 0.5984 0.6039 0.6185 0.6613 0.6642 0.6608 0.6966 0.6350
-99999.0000 -99999.0000 -99999.0000 -99999.0000 -99999.0000 -99999.0000 -99999.0000 -99999.0000 -99999.0000 -99999.0000 -99999.0000 -99999.0000 0.7000 0.7000 0.7000 0.7000 0.7000 0.7000 -99999.0000 0.6000 0.6471 0.6150 0.5857 0.5250 0.6560 0.6746 0.6734 0.6594 0.6750 0.6641 0.6469 0.6097 0.5984 0.6113 0.6807 0.7000 0.6922 0.6317 0.5969 0.5547 0.5734 0.5203 0.5641 0.5844 0.5656 0.5641 0.5323 0.5891 0.5933 0.5830 0.5902 0.5422 0.5734 0.6016 0.6179 0.6333 0.6000 0.5950 0.5667 0.6105 0.6797 0.6085 0.5885
-99999.0000 -99999.0000 -99999.0000 -99999.0000 -99999.0000 -99999.0000 -99999.0000 -99999.0000 -99999.0000 -99999.0000 -99999.0000 -99999.0000 -99999.0000 0.7000 0.7000 -99999.0000 -99999.0000 -99999.0000 0.6385 0.6596 0.6844 0.6469 0.6357 -99999.0000 -99999.0000 0.5923 0.6683 0.6641 0.6375 0.5984 0.6000 0.6000 0.6400 0.6875 0.7000 0.6883 0.6344 0.5312 0.5574 0.5691 0.5297 0.5203 0.5547 0.5967 0.5141 0.5172 0.5429 0.5900 0.5791 0.5219 0.5359 0.5453 0.5750 0.6267 0.6848 0.6566 0.5875 0.5953 0.5873 0.6590 0.6844 0.5984 0.5817
-99999.0000 -99999.0000 -99999.0000 -99999.0000 -99999.0000 -99999.0000 -99999.0000 -99999.0000 -99999.0000 -99999.0000 -99999.0000 -99999.0000 -99999.0000 -99999.0000 -99999.0000 -99999.0000 -99999.0000 -99999.0000 0.6960 0.6969 0.6738 0.6417 0.6000 -99999.0000 -99999.0000 -99999.0000 0.6290 0.5875 0.5929 0.5731 0.5831 0.5828 0.5922 0.6431 0.6395 0.6000 0.5516 0.5094 0.5361 0.5762 0.5667 0.6261 0.6100 0.5712 0.5500 0.5500 0.5730 0.6000 0.5475 0.4813 0.5672 0.5891 0.6000 0.6800 0.6857 0.6344 0.5891 0.5984 0.6250 0.6517 0.6750 0.5969 0.6031
-99999.0000 -99999.0000 -99999.0000 -99999.0000 -99999.0000 -99999.0000 -99999.0000 -99999.0000 -99999.0000 -99999.0000 -99999.0000 -99999.0000 -99999.0000 -99999.0000 -99999.0000 -99999.0000 -99999.0000 -99999.0000 0.7000 0.7000 0.7000 -99999.0000 -99999.0000 -99999.0000 -99999.0000 -99999.0000 -99999.0000 -99999.0000 -99999.0000 -99999.0000 0.5556 0.5125 0.5351 0.5938 0.5531 0.5172 0.4656 0.5266 0.5703 0.6096 0.6273 0.6400 0.6444 0.5788 0.5714 0.5780 0.6268 0.5875 0.5417 0.5859 0.6094 0.6016 0.6518 0.6500 0.6290 0.6111 0.6047 0.6344 0.6966 0.7000 0.6981 0.6766 0.6629
-99999.0000 -99999.0000 -99999.0000 -99999.0000 -99999.0000 -99999.0000 -99999.0000 -99999.0000 -99999.0000 -99999.0000 -99999.0000 -99999.0000 -99999.0000 -99999.0000 -99999.0000 -99999.0000 -99999.0000 -99999.0000 -99999.0000 -99999.0000 -99999.0000 -99999.0000 -99999.0000 -99999.0000 -99999.0000 -99999.0000 -99999.0000 -99999.0000 -99999.0000 -99999.0000 -99999.0000 -99999.0000 0.5800 0.5403 0.5290 0.5172 0.5484 0.6016 0.6028 0.6050 0.5679 0.5500 0.5548 0.5585 0.5936 0.5794 0.6177 0.6016 0.6000 0.6321 0.6564 0.6852 0.6891 0.6109 0.6033 0.5893 0.6250 0.6919 0.6918 0.6983 0.6953 0.7000 0.6672
-99999.0000 -99999.0000 -99999.0000 -99999.0000 -99999.0000 -99999.0000 -99999.0000 -99999.0000 -99999.0000 -99999.0000 -99999.0000 -99999.0000 -99999.0000 -99999.0000 -99999.0000 -99999.0000 -99999.0000 -99999.0000 -99999.0000 -99999.0000 -99999.0000 -99999.0000 -99999.0000 -99999.0000 -99999.0000 -99999.0000 -99999.0000 -99999.0000 -99999.0000 -99999.0000 -99999.0000 -99999.0000 0.6000 0.5229 0.5357 0.5500 0.5900 0.5825 0.5688 0.5526 0.5266 0.4797 0.5694 0.6000 0.5828 0.5766 0.6531 0.6609 0.6766 0.6790 0.6603 0.6800 0.7000 0.6552 0.6594 0.6710 0.6875 0.6717 0.6047 0.6781 0.6687 0.6440 0.6613
