data01/Water.asc
NCOLS 73
NROWS 78
XLLCORNER 114.8409628900
YLLCORNER 27.1302345400
CELLSIZE 0.100000
NODATA_VALUE -99999.0000
[rows 28 to 55 of 78, columns 0 to 62 of 73]
-99999.0000 -99999.0000 -99999.0000 -99999.0000 -99999.0000 -99999.0000 -99999.0000 -99999.0000 -99999.0000 -99999.0000 0.7000 0.8562 0.8438 0.8467 0.8645 0.8281 0.8281 0.8031 0.7344 0.7800 0.7875 0.6562 0.7533 0.7562 0.7926 0.7691 0.7508 0.8536 0.8781 0.7656 0.7111 0.7690 0.8031 0.8387 0.8417 0.8308 0.6714 0.6767 0.8818 0.7000 0.8143 0.8357 0.8308 0.8282 0.7897 0.8016 0.8186 0.7000 0.6844 0.8667 0.9000 0.9000 0.8864 0.8937 0.8564 0.9000 0.8889 0.8771 0.9000 0.8636 0.8568 0.8655 0.8714
-99999.0000 -99999.0000 -99999.0000 -99999.0000 -99999.0000 -99999.0000 -99999.0000 -99999.0000 -99999.0000 -99999.0000 0.6000 0.8500 0.8531 0.8161 0.7937 0.8094 0.7781 0.8687 0.8187 0.7875 0.8031 0.7562 0.8000 0.8176 0.7667 0.8458 0.8358 0.8281 0.8438 0.8129 0.8414 0.8031 0.7677 0.8123 0.7852 0.8167 0.7906 0.8306 0.8600 0.7667 0.7900 0.7533 0.8379 0.7474 0.7875 0.7877 0.8306 0.7937 0.8594 0.8296 0.8524 0.8556 0.8282 0.8628 0.9000 0.9000 0.8805 0.9000 0.8724 0.9000 0.9000 0.8739 0.8833
-99999.0000 -99999.0000 -99999.0000 -99999.0000 -99999.0000 -99999.0000 -99999.0000 -99999.0000 -99999.0000 -99999.0000 0.8167 0.8138 0.8094 0.7844 0.7031 0.8000 0.7452 0.8433 0.8387 0.7903 0.8806 0.8613 0.8533 0.7900 0.9000 0.8172 0.8042 0.8375 0.8281 0.8552 0.8156 0.8344 0.7937 0.7754 0.8016 0.7781 0.8156 0.7581 0.7689 0.7500 0.8418 0.7839 0.8200 0.7556 0.6781 0.8349 0.8649 0.8258 0.8483 0.8567 0.8209 0.9000 0.9000 0.8600 0.8579 0.9000 0.9000 0.9000 0.9000 0.9000 0.7000 0.8915 0.9000
-99999.0000 -99999.0000 -99999.0000 -99999.0000 -99999.0000 -99999.0000 -99999.0000 0.8600 0.7846 0.7750 0.8486 0.8200 0.7800 0.8406 0.8344 0.8400 0.8389 0.8444 0.7677 0.7867 0.8406 0.8000 0.8206 0.7348 0.7684 0.8855 0.8387 0.7656 0.8138 0.8138 0.7969 0.7733 0.6200 0.7767 0.7698 0.8385 0.8154 0.6968 0.7433 0.7562 0.8154 0.7926 0.7600 0.7900 0.7300 0.7102 0.8102 0.8444 0.8600 0.8348 0.8667 -99999.0000 0.9000 0.8814 0.8707 0.8871 0.9000 0.8822 0.9000 0.8860 0.9000 0.9000 0.9000
-99999.0000 -99999.0000 -99999.0000 -99999.0000 -99999.0000 -99999.0000 0.6429 0.8579 0.7656 0.6930 0.8412 0.8161 0.7500 0.8250 0.8094 0.8375 0.8481 0.8406 0.8312 0.8438 0.7937 0.7375 0.8246 0.8236 0.8161 0.9000 0.7316 0.7982 0.8800 0.8345 0.7784 0.7875 0.7857 0.7633 0.7000 0.8231 0.7889 0.8097 0.7688 0.6219 0.7500 0.8357 0.7391 0.6433 0.7567 0.8018 0.9000 0.8478 0.8400 0.8860 0.8867 0.9000 0.9000 0.9000 0.8875 0.8907 0.9000 0.8923 0.8852 0.9000 0.9000 0.9000 0.8660
-99999.0000 -99999.0000 -99999.0000 -99999.0000 -99999.0000 0.7286 0.7576 0.8125 0.8429 0.7955 0.8525 0.8451 0.7585 0.8129 0.8531 0.7937 0.8375 0.8687 0.8438 0.8531 0.8187 0.7741 0.7968 0.8312 0.8191 0.8143 0.8333 0.7800 -99999.0000 0.7545 0.8512 0.8300 0.8161 0.8404 0.7836 0.8105 0.8118 0.7933 0.8472 0.6516 0.7321 0.7829 0.7500 0.7344 0.7918 0.8185 0.8636 0.8222 0.8132 0.9000 0.8778 0.8672 0.8824 0.8500 0.9000 0.9000 0.9000 0.8805 0.9000 0.9000 0.9000 0.9000 0.9000
-99999.0000 -99999.0000 -99999.0000 -99999.0000 -99999.0000 0.6316 0.8156 0.8438 0.8458 0.8855 0.8281 0.8283 0.8322 0.8438 0.8500 0.8312 0.8067 0.7600 0.8281 0.8469 0.8527 0.8064 0.8429 0.8467 0.8733 0.8345 0.7267 0.7000 0.7474 0.7635 0.7893 0.8621 0.8559 0.8677 0.8556 0.8647 0.7704 0.7937 0.8429 0.8692 0.9000 0.6143 0.5594 0.5094 0.8057 0.7762 0.8571 0.8714 0.8667 0.8429 0.8574 0.8255 0.8409 0.8000 0.8579 0.9000 0.8805 0.9000 0.8448 0.9000 0.9000 0.9000 0.9000
-99999.0000 -99999.0000 -99999.0000 -99999.0000 -99999.0000 0.4771 0.7603 0.8344 0.8516 0.8000 0.7969 0.7844 0.8219 0.8281 0.8692 0.7161 0.8406 0.8031 0.7613 0.8750 0.8016 0.8175 0.8594 0.8258 0.8187 0.8562 0.8365 0.8153 0.8267 0.8094 0.8452 0.7875 0.8246 0.8778 0.8917 0.9000 0.8516 0.7594 0.8709 0.9000 0.8143 0.7739 0.8281 0.7533 0.6946 0.7286 0.8130 0.8424 0.8130 0.7571 0.8837 0.8714 0.8000 0.9000 0.9000 0.8500 0.8391 0.9000 0.9000 0.9000 0.9000 0.9000 0.8758
-99999.0000 -99999.0000 -99999.0000 -99999.0000 -99999.0000 -99999.0000 0.6895 0.8193 0.8364 0.8222 0.8373 0.8625 0.8397 0.8283 0.8244 0.8115 0.8156 0.7906 0.8760 0.8091 0.7742 0.8469 0.8281 0.8667 0.8600 0.8562 0.8937 0.8562 0.8156 0.7921 0.8200 0.7980 0.8500 0.8667 0.8462 0.7757 0.8469 0.8536 0.9000 0.9000 0.8143 0.6744 0.6968 0.7667 0.6683 0.6500 0.7655 0.8074 0.7032 0.7356 0.7800 -99999.0000 -99999.0000 -99999.0000 0.9000 0.8854 0.8333 0.9000 0.9000 0.8852 0.9000 0.9000 0.9000
-99999.0000 -99999.0000 -99999.0000 -99999.0000 -99999.0000 -99999.0000 0.2333 0.5160 -99999.0000 0.3500 0.7360 0.8125 0.7712 0.7698 0.8115 0.7877 0.7844 0.8469 0.8219 0.7688 0.7871 0.8031 0.8226 0.8667 0.8037 0.8773 0.8312 0.8438 0.8000 0.8609 0.8560 0.8030 0.7913 0.7903 0.8143 0.8345 0.8323 0.8273 0.7839 0.8414 0.7936 0.7800 0.8818 0.8481 0.8000 0.7781 0.7787 0.7618 0.7654 0.8048 0.7884 -99999.0000 -99999.0000 -99999.0000 0.7857 0.9000 0.9000 0.9000 0.9000 0.8600 0.8750 0.9000 0.9000
-99999.0000 -99999.0000 -99999.0000 -99999.0000 -99999.0000 -99999.0000 -99999.0000 -99999.0000 -99999.0000 0.0000 0.4684 0.7983 0.8062 0.7781 0.8094 0.8312 0.7969 0.8187 0.8281 0.8016 0.8433 0.8156 0.8312 0.8531 0.8219 0.8387 0.7937 0.7667 0.7296 0.7500 0.8565 0.7520 0.7586 0.8250 0.6895 0.8810 0.8290 0.6579 0.7889 0.8254 0.5818 0.7750 0.8410 0.8190 0.8438 0.8161 0.8032 0.8032 0.7000 0.7929 0.8345 0.8556 -99999.0000 0.9000 0.8059 0.8250 0.8333 0.8771 0.9000 0.9000 0.9000 0.9000 0.9000
-99999.0000 -99999.0000 -99999.0000 -99999.0000 -99999.0000 -99999.0000 -99999.0000 -99999.0000 -99999.0000 -99999.0000 -99999.0000 0.8000 0.6167 0.7531 0.8000 0.8433 0.7250 0.7969 0.8656 0.7842 0.8893 0.8559 0.8564 0.7794 0.8387 0.8323 0.8677 0.7000 0.8636 0.7909 0.8511 0.7656 0.7586 0.7469 0.7929 0.8607 0.8548 0.7825 0.8585 0.8736 0.6438 0.7143 0.7935 0.7318 0.7750 0.8094 0.8000 0.7721 0.8132 0.8062 0.8867 0.8333 0.8917 0.9000 0.9000 0.9000 0.9000 0.9000 0.8895 0.9000 0.8909 0.8918 0.9000
-99999.0000 -99999.0000 -99999.0000 -99999.0000 -99999.0000 -99999.0000 -99999.0000 -99999.0000 -99999.0000 -99999.0000 0.7839 0.7492 0.7937 0.7655 0.6704 0.8259 0.7750 0.7656 0.8187 0.8492 0.8460 0.8333 0.8429 0.7821 0.7182 0.8103 0.8049 0.8709 0.9000 0.6297 0.6934 0.7781 0.8094 0.7000 0.7553 0.8193 0.8937 0.8406 0.8115 0.8491 0.8387 0.7781 0.8143 0.7964 0.8062 0.8778 0.8345 0.8163 0.7545 0.8281 0.8645 0.8370 0.8917 0.9000 0.9000 0.9000 0.9000 0.9000 0.8692 0.9000 0.8915 0.8818 0.8966
-99999.0000 -99999.0000 -99999.0000 -99999.0000 -99999.0000 -99999.0000 -99999.0000 -99999.0000 -99999.0000 0.7364 0.8153 0.8062 0.7719 0.8000 0.8438 0.7258 0.7969 0.8125 0.8719 0.8074 0.8292 0.8937 0.8600 0.8074 0.7881 0.8613 0.8657 0.8644 0.7788 0.7154 0.7847 0.7969 0.8250 0.7625 0.8300 0.8200 0.8484 0.8406 0.8281 0.8438 0.8000 0.7656 0.7719 0.7937 0.7562 0.8016 0.8119 0.8333 0.8452 0.7844 0.7719 0.8250 0.8763 0.9000 0.9000 0.9000 0.9000 0.9000 0.8704 0.9000 0.8837 0.8767 0.8969
-99999.0000 -99999.0000 -99999.0000 -99999.0000 -99999.0000 -99999.0000 -99999.0000 -99999.0000 -99999.0000 0.7474 0.7969 0.8000 0.8000 0.7844 0.7844 0.8367 0.8400 0.8174 0.8062 0.7847 0.7678 0.8016 0.7816 0.9000 0.8091 0.8200 0.8375 0.7863 0.7968 0.7292 0.8458 0.7156 0.7167 0.7906 0.8219 0.8462 0.8387 0.8156 0.8375 0.8125 0.7133 0.8241 0.7969 0.7562 0.7833 0.8219 0.8300 0.8562 0.7760 0.7125 0.7933 0.7700 0.8697 0.9000 0.9000 0.8869 0.9000 0.8784 0.9000 0.8930 0.8680 0.8294 0.8769
-99999.0000 -99999.0000 -99999.0000 -99999.0000 -99999.0000 -99999.0000 -99999.0000 -99999.0000 -99999.0000 0.4111 0.6830 0.7969 0.8333 0.7556 0.8290 0.8187 0.8031 0.8483 0.8094 0.7625 0.7968 0.7923 0.8300 0.8529 0.7392 0.7449 0.7448 0.8281 0.7250 0.7885 0.8018 0.7355 0.7833 0.8406 0.7719 0.8031 0.8125 0.8250 0.8094 0.8062 0.7769 0.7870 0.8375 0.8000 0.7906 0.8396 0.8224 0.7812 0.7240 0.8406 0.8684 0.8659 0.9000 0.9000 0.9000 0.9000 0.9000 0.8926 0.8902 0.8875 0.9000 0.9000 0.8000
-99999.0000 -99999.0000 -99999.0000 -99999.0000 -99999.0000 -99999.0000 -99999.0000 -99999.0000 -99999.0000 -99999.0000 0.6538 0.8000 0.8000 0.8222 0.8435 0.8406 0.8719 0.8767 0.8000 0.8161 0.8163 0.8077 0.8368 0.8250 0.6821 0.7949 0.7632 0.7900 0.7500 0.8719 0.8233 0.8094 0.7875 0.8857 0.8187 0.8281 0.7812 0.8312 0.8062 0.8360 0.8069 0.7750 0.8000 0.7929 0.7600 0.7364 0.8067 0.7562 0.7742 0.8290 0.7780 0.7837 0.9000 0.9000 0.9000 0.9000 0.9000 0.8932 0.8512 0.8806 0.8830 0.9000 -99999.0000
-99999.0000 -99999.0000 -99999.0000 -99999.0000 -99999.0000 -99999.0000 -99999.0000 -99999.0000 -99999.0000 -99999.0000 0.6333 0.8533 0.8375 0.8594 0.8750 0.8281 0.8094 0.8300 0.8312 0.8379 0.8152 0.7533 0.6818 0.8217 0.8194 0.8406 0.8021 0.9000 0.9000 0.8133 0.7774 0.8056 0.8174 0.7828 0.8250 0.8312 0.8187 0.8000 0.8062 0.8281 0.7656 0.7969 0.7562 0.7906 0.8687 0.7974 0.8184 0.8062 0.8125 0.7937 0.8310 0.8960 0.8805 0.8961 0.8943 0.8926 0.8824 0.9000 0.8806 0.8414 0.8879 0.9000 0.9000
-99999.0000 -99999.0000 -99999.0000 -99999.0000 -99999.0000 -99999.0000 -99999.0000 -99999.0000 -99999.0000 -99999.0000 0.8333 0.6769 0.7983 0.8187 0.8763 0.7436 0.8683 0.8020 0.7812 0.6882 0.7727 0.6818 0.7906 0.8419 0.8625 0.8175 0.8048 0.8123 0.7929 0.8213 0.8387 0.8200 0.7846 0.7821 0.8469 0.8469 0.7469 0.8375 0.8129 0.8000 0.8531 0.8704 0.8032 0.8031 0.8281 0.8524 0.8524 0.8625 0.8091 0.8200 0.8137 0.8778 0.8000 0.8800 0.8889 0.8455 0.8627 0.8852 0.8500 0.8857 0.9000 0.9000 0.9000
-99999.0000 -99999.0000 -99999.0000 -99999.0000 -99999.0000 -99999.0000 -99999.0000 -99999.0000 -99999.0000 -99999.0000 -99999.0000 0.0000 0.6327 0.8290 0.8368 0.7857 0.8143 0.7634 0.7179 0.6345 0.8931 0.7739 0.7719 0.8687 0.8312 0.8333 0.8302 0.8187 0.8133 0.8750 0.8281 0.8187 0.8469 0.7969 0.7937 0.8187 0.8125 0.8552 0.7839 0.8055 0.8617 0.8281 0.8438 0.8344 0.8469 0.8625 0.8133 0.7690 0.7816 0.7441 0.8048 0.8551 0.8348 0.9000 0.9000 0.9000 0.9000 0.9000 0.9000 0.9000 0.8680 0.8849 0.8846
-99999.0000 -99999.0000 -99999.0000 -99999.0000 -99999.0000 -99999.0000 -99999.0000 -99999.0000 -99999.0000 -99999.0000 -99999.0000 -99999.0000 0.6273 0.8190 0.8455 0.7690 0.8125 0.7537 0.5400 0.8294 0.7750 0.7627 0.8129 0.8500 0.8219 0.8673 0.7381 0.8082 0.7812 0.7750 0.7828 0.8469 0.8562 0.8500 0.7594 0.8281 0.8452 0.8542 0.8531 0.8067 0.8438 0.8079 0.8500 0.8469 0.8444 0.8290 0.8031 0.8156 0.8031 0.7500 0.8102 0.8459 0.8613 0.8455 0.8412 0.8400 0.9000 0.9000 0.9000 0.9000 0.9000 0.8810 0.8871
-99999.0000 -99999.0000 -99999.0000 -99999.0000 -99999.0000 -99999.0000 -99999.0000 -99999.0000 -99999.0000 -99999.0000 -99999.0000 -99999.0000 0.7800 0.8333 0.8385 0.9000 0.8053 0.7750 -99999.0000 0.5364 0.7468 0.8033 0.7906 0.7375 0.8750 0.8869 0.8821 0.7984 0.8281 0.8031 0.8387 0.8406 0.8133 0.8516 0.8312 0.8656 0.7871 0.8219 0.8875 0.8062 0.8302 0.8397 0.8031 0.7688 0.8031 0.8346 0.8419 0.7600 0.8500 0.8143 0.8625 0.7980 0.8719 0.8524 0.8321 0.8541 0.8647 0.8926 0.8774 0.8321 0.8725 0.8322 0.8600
-99999.0000 -99999.0000 -99999.0000 -99999.0000 -99999.0000 -99999.0000 -99999.0000 -99999.0000 -99999.0000 -99999.0000 -99999.0000 -99999.0000 0.4500 0.3800 0.7654 0.7667 0.9000 0.9000 -99999.0000 0.7000 0.7667 0.7367 0.6918 0.3000 0.6480 0.6119 0.8094 0.8031 0.8267 0.8281 0.8500 0.8581 0.7844 0.8355 0.8018 0.8344 0.8375 0.8567 0.8156 0.6812 0.8187 0.8031 0.8062 0.7406 0.7875 0.7969 0.7161 0.8281 0.7633 0.8149 0.7656 0.7906 0.8469 0.8281 0.7786 0.8867 0.8344 0.8433 0.8397 0.8298 0.8406 0.7915 0.8246
-99999.0000 -99999.0000 -99999.0000 -99999.0000 -99999.0000 -99999.0000 -99999.0000 -99999.0000 -99999.0000 -99999.0000 -99999.0000 -99999.0000 -99999.0000 0.9000 0.3000 -99999.0000 -99999.0000 -99999.0000 0.8692 0.8362 0.8281 0.7625 0.6810 -99999.0000 -99999.0000 0.2077 0.7540 0.8250 0.7906 0.8375 0.8562 0.7793 0.7900 0.8583 0.7379 0.8333 0.7219 0.8031 0.8574 0.7764 0.8031 0.7625 0.8057 0.7787 0.7531 0.8062 0.8048 0.8167 0.7930 0.8187 0.6906 0.8125 0.8500 0.8289 0.8217 0.8283 0.7781 0.8187 0.8564 0.8803 0.8375 0.8438 0.8367
-99999.0000 -99999.0000 -99999.0000 -99999.0000 -99999.0000 -99999.0000 -99999.0000 -99999.0000 -99999.0000 -99999.0000 -99999.0000 -99999.0000 -99999.0000 -99999.0000 -99999.0000 -99999.0000 -99999.0000 -99999.0000 0.7360 0.8156 0.7000 0.4667 0.3727 -99999.0000 -99999.0000 -99999.0000 0.6677 0.8083 0.8143 0.8231 0.7949 0.8281 0.8531 0.8000 0.7837 0.8111 0.8312 0.7937 0.7754 0.8476 0.8250 0.7609 0.8450 0.7983 0.7710 0.6742 0.7476 0.8250 0.8153 0.7937 0.8375 0.8062 0.8429 0.8714 0.8878 0.8375 0.8250 0.8500 0.8344 0.8033 0.8656 0.8750 0.8250
-99999.0000 -99999.0000 -99999.0000 -99999.0000 -99999.0000 -99999.0000 -99999.0000 -99999.0000 -99999.0000 -99999.0000 -99999.0000 -99999.0000 -99999.0000 -99999.0000 -99999.0000 -99999.0000 -99999.0000 -99999.0000 0.2810 0.5588 0.3000 -99999.0000 -99999.0000 -99999.0000 -99999.0000 -99999.0000 -99999.0000 -99999.0000 -99999.0000 -99999.0000 0.6556 0.5150 0.6404 0.7812 0.7937 0.7000 0.8187 0.8187 0.7688 0.7154 0.7545 0.9000 0.9000 0.7424 0.8238 0.7746 0.7393 0.7833 0.7733 0.7625 0.8562 0.7812 0.8464 0.8375 0.8645 0.8222 0.8562 0.8406 0.8424 0.8611 0.8396 0.8281 0.8355
-99999.0000 -99999.0000 -99999.0000 -99999.0000 -99999.0000 -99999.0000 -99999.0000 -99999.0000 -99999.0000 -99999.0000 -99999.0000 -99999.0000 -99999.0000 -99999.0000 -99999.0000 -99999.0000 -99999.0000 -99999.0000 -99999.0000 -99999.0000 -99999.0000 -99999.0000 -99999.0000 -99999.0000 -99999.0000 -99999.0000 -99999.0000 -99999.0000 -99999.0000 -99999.0000 -99999.0000 -99999.0000 0.7300 0.7887 0.8452 0.8219 0.7875 0.8206 0.8333 0.8300 0.7500 0.8167 0.7048 0.8122 0.8106 0.7984 0.8419 0.8031 0.7937 0.8071 0.7821 0.8344 0.8469 0.8594 0.8600 0.7679 0.8312 0.8161 0.8082 0.8000 0.8767 0.8833 0.8625
-99999.0000 -99999.0000 -99999.0000 -99999.0000 -99999.0000 -99999.0000 -99999.0000 -99999.0000 -99999.0000 -99999.0000 -99999.0000 -99999.0000 -99999.0000 -99999.0000 -99999.0000 -99999.0000 -99999.0000 -99999.0000 -99999.0000 -99999.0000 -99999.0000 -99999.0000 -99999.0000 -99999.0000 -99999.0000 -99999.0000 -99999.0000 -99999.0000 -99999.0000 -99999.0000 -99999.0000 -99999.0000 0.0000 0.6571 0.7929 0.8194 0.8267 0.8619 0.8708 0.7912 0.7875 0.8156 0.8097 0.8357 0.8156 0.8500 0.8187 0.8406 0.7937 0.8161 0.8270 0.8467 0.8143 0.8552 0.8375 0.8387 0.8406 0.8167 0.7906 0.8375 0.8562 0.8760 0.8355
