data01/Water.asc
NCOLS 73
NROWS 78
XLLCORNER 114.8409628900
YLLCORNER 27.1302345400
CELLSIZE 0.100000
NODATA_VALUE -99999.0000
[rows 0 to 27 of 78, columns 0 to 62 of 73]
-99999.0000 -99999.0000 -99999.0000 -99999.0000 -99999.0000 -99999.0000 -99999.0000 -99999.0000 -99999.0000 -99999.0000 -99999.0000 -99999.0000 -99999.0000 -99999.0000 -99999.0000 0.6818 0.7905 0.8458 0.8377 0.8636 0.6900 0.9000 -99999.0000 -99999.0000 -99999.0000 -99999.0000 -99999.0000 -99999.0000 -99999.0000 -99999.0000 -99999.0000 -99999.0000 -99999.0000 -99999.0000 -99999.0000 -99999.0000 -99999.0000 -99999.0000 -99999.0000 0.8091 0.8254 0.8544 0.8736 0.8765 -99999.0000 -99999.0000 -99999.0000 -99999.0000 -99999.0000 -99999.0000 -99999.0000 -99999.0000 -99999.0000 -99999.0000 -99999.0000 -99999.0000 -99999.0000 -99999.0000 -99999.0000 -99999.0000 -99999.0000 -99999.0000 -99999.0000
-99999.0000 -99999.0000 -99999.0000 -99999.0000 -99999.0000 -99999.0000 -99999.0000 -99999.0000 -99999.0000 -99999.0000 -99999.0000 -99999.0000 -99999.0000 -99999.0000 -99999.0000 0.7857 0.8312 0.8194 0.8367 0.8625 0.8256 0.6750 0.9000 -99999.0000 -99999.0000 -99999.0000 -99999.0000 -99999.0000 -99999.0000 -99999.0000 -99999.0000 -99999.0000 -99999.0000 -99999.0000 -99999.0000 -99999.0000 -99999.0000 -99999.0000 0.9000 0.8529 0.9000 0.8781 0.8412 0.9000 0.8900 0.8714 -99999.0000 -99999.0000 -99999.0000 -99999.0000 -99999.0000 -99999.0000 -99999.0000 -99999.0000 -99999.0000 -99999.0000 -99999.0000 -99999.0000 -99999.0000 -99999.0000 -99999.0000 -99999.0000 -99999.0000
-99999.0000 -99999.0000 -99999.0000 -99999.0000 -99999.0000 -99999.0000 -99999.0000 -99999.0000 -99999.0000 -99999.0000 -99999.0000 -99999.0000 -99999.0000 -99999.0000 -99999.0000 0.7591 0.7937 0.8263 0.8607 0.8312 0.8636 0.8661 0.8500 -99999.0000 -99999.0000 -99999.0000 -99999.0000 -99999.0000 -99999.0000 0.5400 0.8556 0.8048 0.9000 -99999.0000 -99999.0000 -99999.0000 0.6407 0.6840 0.6588 0.8509 0.8806 0.8937 0.8724 0.9000 0.8920 0.8923 0.9000 0.9000 -99999.0000 -99999.0000 -99999.0000 -99999.0000 -99999.0000 -99999.0000 -99999.0000 -99999.0000 -99999.0000 -99999.0000 -99999.0000 -99999.0000 -99999.0000 -99999.0000 -99999.0000
-99999.0000 -99999.0000 -99999.0000 -99999.0000 -99999.0000 -99999.0000 -99999.0000 -99999.0000 -99999.0000 -99999.0000 -99999.0000 -99999.0000 -99999.0000 0.6778 0.7714 0.8302 0.8233 0.8125 0.8281 0.8656 0.8781 0.8357 0.8643 0.9000 0.7000 0.7000 -99999.0000 -99999.0000 0.5400 0.7103 0.8627 0.8404 0.8659 0.9000 -99999.0000 0.7000 0.7915 0.7877 0.7885 0.8608 0.9000 0.8867 0.8800 0.8760 0.8854 0.8516 0.8700 0.8538 -99999.0000 -99999.0000 -99999.0000 -99999.0000 -99999.0000 -99999.0000 -99999.0000 -99999.0000 -99999.0000 -99999.0000 -99999.0000 -99999.0000 -99999.0000 -99999.0000 -99999.0000
-99999.0000 -99999.0000 -99999.0000 -99999.0000 -99999.0000 -99999.0000 -99999.0000 -99999.0000 -99999.0000 -99999.0000 -99999.0000 -99999.0000 -99999.0000 0.5636 0.8803 0.8200 0.7344 0.8344 0.8344 0.8219 0.8062 0.8419 0.8279 0.8167 0.7667 0.8367 0.8185 0.7067 0.7000 0.8267 0.8500 0.8512 0.8559 0.9000 -99999.0000 0.5444 0.8500 0.8472 0.7571 0.8628 0.8846 0.8161 0.8781 0.8781 0.8844 0.8397 0.8564 0.9000 0.9000 0.9000 0.9000 -99999.0000 -99999.0000 -99999.0000 -99999.0000 -99999.0000 -99999.0000 -99999.0000 -99999.0000 -99999.0000 -99999.0000 -99999.0000 -99999.0000
-99999.0000 -99999.0000 -99999.0000 -99999.0000 -99999.0000 -99999.0000 -99999.0000 -99999.0000 -99999.0000 -99999.0000 -99999.0000 -99999.0000 -99999.0000 0.3235 0.8211 0.8467 0.7844 0.8250 0.8308 0.8531 0.8062 0.8687 0.8300 0.8137 0.8164 0.8763 0.8019 0.8094 0.8875 0.8667 0.8754 0.7909 0.8460 0.7531 0.8742 0.7105 0.7800 0.8806 0.8826 0.8800 0.8516 0.8781 0.8687 0.8810 0.8443 0.8533 0.8531 0.8875 0.8797 0.8562 0.8500 0.9000 0.9000 -99999.0000 -99999.0000 -99999.0000 -99999.0000 -99999.0000 -99999.0000 -99999.0000 -99999.0000 -99999.0000 -99999.0000
-99999.0000 -99999.0000 -99999.0000 -99999.0000 -99999.0000 -99999.0000 -99999.0000 -99999.0000 -99999.0000 -99999.0000 -99999.0000 -99999.0000 -99999.0000 -99999.0000 0.7000 0.8800 0.8286 0.8424 0.8312 0.8500 0.8241 0.8258 0.8486 0.8500 0.8744 0.8439 0.8714 0.9000 0.8419 0.8538 0.8864 0.8062 0.7722 0.8302 0.8238 0.8213 0.8781 0.8586 0.8347 0.8750 0.8395 0.8710 0.8500 0.8216 0.8581 0.8484 0.8844 0.8500 0.8029 0.8587 0.8344 0.8088 0.7227 0.7711 0.5200 -99999.0000 -99999.0000 -99999.0000 -99999.0000 -99999.0000 -99999.0000 -99999.0000 -99999.0000
-99999.0000 -99999.0000 -99999.0000 -99999.0000 -99999.0000 -99999.0000 -99999.0000 -99999.0000 -99999.0000 -99999.0000 -99999.0000 -99999.0000 -99999.0000 -99999.0000 -99999.0000 -99999.0000 0.5400 0.8213 0.8219 0.8531 0.8192 0.8000 0.8234 0.8158 0.8423 0.8067 0.8579 0.8797 0.8844 0.8344 0.8375 0.8698 0.9000 0.7571 0.7792 0.8281 0.8812 0.8600 0.8923 0.8636 0.8700 0.8812 0.8630 0.8786 0.8915 0.8738 0.8429 0.8722 0.8673 0.8613 0.8636 0.8220 0.8312 0.8587 0.8448 -99999.0000 -99999.0000 -99999.0000 -99999.0000 -99999.0000 -99999.0000 -99999.0000 -99999.0000
-99999.0000 -99999.0000 -99999.0000 -99999.0000 -99999.0000 -99999.0000 -99999.0000 0.9000 0.8455 0.7875 0.7000 -99999.0000 -99999.0000 -99999.0000 -99999.0000 -99999.0000 0.7667 0.8592 0.8312 0.8781 0.8300 0.8186 0.7612 0.8812 0.8387 0.7825 0.8032 0.8541 0.8367 0.8656 0.8821 0.8312 0.8421 -99999.0000 0.7824 0.8733 0.8581 0.8531 0.8797 0.8737 0.8127 0.8594 0.8812 0.8900 0.8610 0.8633 0.8308 0.9000 0.9000 0.8700 0.8684 0.8705 0.8656 0.8219 0.7810 -99999.0000 -99999.0000 -99999.0000 -99999.0000 -99999.0000 -99999.0000 -99999.0000 -99999.0000
-99999.0000 -99999.0000 -99999.0000 -99999.0000 -99999.0000 -99999.0000 -99999.0000 0.7550 0.8409 0.8774 0.8625 0.7000 -99999.0000 -99999.0000 -99999.0000 -99999.0000 -99999.0000 0.7200 0.8069 0.8800 0.8455 0.7540 0.6474 0.8562 0.8562 0.8344 0.8531 0.8062 0.8000 0.8655 0.8651 0.8525 0.8964 0.8676 0.8304 0.8738 0.7833 0.8226 0.8406 0.8645 0.8065 0.8714 0.8746 0.8959 0.8187 0.8567 0.8729 0.8607 0.9000 0.8955 0.8821 0.8750 0.8250 0.8531 0.8180 0.9000 -99999.0000 -99999.0000 -99999.0000 -99999.0000 -99999.0000 -99999.0000 -99999.0000
-99999.0000 -99999.0000 -99999.0000 -99999.0000 -99999.0000 -99999.0000 0.0000 0.7800 0.7833 0.8800 0.8934 0.8822 0.9000 -99999.0000 -99999.0000 0.9000 0.8364 0.8455 0.8962 0.8889 0.8567 0.7219 0.8062 0.8625 0.8656 0.8219 0.8469 0.8062 0.7844 0.8500 0.8837 0.8347 0.8548 0.8460 0.8476 0.8930 0.8867 0.8276 0.8516 0.8062 0.8531 0.8897 0.8460 0.8508 0.8581 0.8206 0.8365 0.8742 0.8871 0.8833 0.8897 0.9000 0.8065 0.8844 0.8687 0.8231 -99999.0000 -99999.0000 -99999.0000 -99999.0000 -99999.0000 -99999.0000 -99999.0000
-99999.0000 -99999.0000 -99999.0000 -99999.0000 -99999.0000 -99999.0000 -99999.0000 0.7765 0.8594 0.8296 0.8903 0.8810 0.8273 0.7000 0.8500 0.7564 0.8344 0.8333 0.8818 0.8806 0.8875 0.8219 0.8656 0.8800 0.9000 0.8562 0.8812 0.8567 0.7781 0.8312 0.8933 0.8875 0.8594 0.8419 0.8484 0.8625 0.8833 0.8587 0.8057 0.8594 0.8548 0.8643 0.8844 0.8538 0.8412 0.8180 0.8746 0.8937 0.9000 0.8786 0.8724 0.8966 0.8724 0.8538 0.8833 0.8520 0.9000 -99999.0000 -99999.0000 -99999.0000 -99999.0000 -99999.0000 -99999.0000
-99999.0000 -99999.0000 -99999.0000 -99999.0000 -99999.0000 -99999.0000 -99999.0000 0.7538 0.8719 0.8594 0.8633 0.8613 0.8525 0.8472 0.8531 0.8733 0.8687 0.8267 0.8469 0.8194 0.8333 0.9000 0.8379 0.8677 0.8687 0.8344 0.8533 0.8750 0.7812 0.8516 0.8759 0.8375 0.8125 0.8194 0.8667 0.7906 0.8418 0.8889 0.8659 0.8219 0.8000 0.8429 0.8774 0.8677 0.8806 0.8806 0.8871 0.8613 0.9000 0.9000 0.8833 0.8581 0.8839 0.8710 0.8438 0.8333 0.7000 -99999.0000 -99999.0000 -99999.0000 -99999.0000 -99999.0000 -99999.0000
-99999.0000 -99999.0000 -99999.0000 -99999.0000 -99999.0000 0.9000 0.8500 0.8515 0.8438 0.8562 0.8258 0.8844 0.8567 0.8742 0.8967 0.7688 0.8687 0.8312 0.8656 0.8355 0.8288 0.8463 0.8828 0.8250 0.7967 0.8844 0.8649 0.8094 0.8467 0.8700 0.7969 0.8438 0.8469 0.8281 0.8687 0.7719 0.7250 0.7300 0.6844 0.8562 0.8312 0.8862 0.8750 0.8522 0.8825 0.8625 0.8800 0.9000 0.9000 0.8750 0.8875 0.8871 0.8500 0.8750 0.8581 0.8733 0.8800 -99999.0000 -99999.0000 -99999.0000 -99999.0000 -99999.0000 -99999.0000
-99999.0000 -99999.0000 -99999.0000 -99999.0000 0.7400 0.8927 0.8750 0.8281 0.8258 0.8548 0.8194 0.8312 0.8438 0.8524 0.8767 0.8625 0.8687 0.8500 0.8750 0.8187 0.8500 0.8516 0.8281 0.8586 0.8312 0.8875 0.8593 0.8661 0.8750 0.8562 0.8818 0.8719 0.8562 0.8053 0.8167 0.8375 0.8647 0.7000 0.7944 0.8451 0.8360 0.7963 0.8698 0.8200 0.8661 0.8625 0.8931 0.9000 0.8895 0.8833 0.8677 0.8593 0.8661 0.8238 0.8710 0.8594 0.9000 0.9000 -99999.0000 -99999.0000 -99999.0000 -99999.0000 -99999.0000
-99999.0000 -99999.0000 -99999.0000 -99999.0000 0.7909 0.7984 0.8219 0.7833 0.8375 0.8387 0.8452 0.7969 0.8810 0.8524 0.8062 0.8656 0.8219 0.8281 0.8300 0.8187 0.8344 0.8793 0.8281 0.8548 0.8754 0.8864 0.8419 0.8594 0.8700 0.8312 0.8594 0.8375 0.8500 0.8333 0.7444 0.7667 0.8280 0.7000 -99999.0000 0.7286 0.8641 0.8531 0.8733 0.8927 0.8729 0.9000 0.9000 0.9000 0.9000 0.8763 0.8625 0.8902 0.8556 0.8800 0.8400 0.8633 0.8875 0.8333 -99999.0000 -99999.0000 -99999.0000 -99999.0000 -99999.0000
-99999.0000 -99999.0000 -99999.0000 -99999.0000 0.9000 0.8600 0.8138 0.8000 0.8469 0.8355 0.8156 0.8300 0.8556 0.8270 0.8781 0.8433 0.8455 0.8302 0.8937 0.8406 0.8469 0.8594 0.8129 0.7839 0.8098 0.8377 0.8656 0.8906 0.8281 0.8115 0.8388 0.7510 0.7393 0.6943 0.7960 0.7308 -99999.0000 -99999.0000 -99999.0000 0.9000 0.8744 0.8656 0.8879 0.9000 0.8902 0.9000 0.8935 0.8805 0.9000 0.8758 0.9000 0.8873 0.8929 0.8610 0.8300 0.8695 0.8344 0.8565 0.8440 0.8091 -99999.0000 -99999.0000 -99999.0000
0.9000 0.9000 -99999.0000 0.9000 0.8680 0.7839 0.8267 0.7833 0.8367 0.7767 0.7800 0.7781 0.8125 0.7958 0.8625 0.7969 0.8754 0.8439 0.8621 0.8656 0.8390 0.8085 0.8400 0.8581 0.8885 0.8667 0.8577 0.8511 0.8179 0.7889 0.8641 0.8304 0.8240 0.8350 0.8419 0.7000 0.7500 0.8333 0.7571 0.9000 0.8937 0.8810 0.8700 0.8636 0.8600 0.8619 0.8933 0.8771 0.9000 0.9000 0.8821 0.8841 0.8541 0.8375 0.8667 0.8765 0.8644 0.8607 0.8864 0.8684 -99999.0000 -99999.0000 -99999.0000
0.6778 0.8733 0.8889 0.8569 0.8375 0.8687 0.8750 0.8187 0.8344 0.8133 0.8438 0.7333 0.8129 0.8333 0.8500 0.7688 0.8469 0.8594 0.8194 0.8594 0.8119 0.8837 0.7791 0.8860 0.8656 0.8423 0.8483 0.8492 0.8690 0.8462 0.7541 0.7610 0.8067 0.7520 0.8077 0.6610 0.7848 0.8541 0.8742 0.8412 0.8760 0.9000 0.9000 0.8667 0.8742 0.8830 0.9000 0.9000 0.9000 0.8733 0.8741 0.8207 0.8310 0.8625 0.8812 0.8875 0.8600 0.8839 0.8898 0.8200 -99999.0000 -99999.0000 -99999.0000
0.6263 0.8547 0.8531 0.8531 0.8452 0.8687 0.8438 0.8906 0.8812 0.8491 0.8344 0.8192 0.8387 0.8750 0.8733 0.8767 0.8500 0.8469 0.8500 0.8520 0.8538 0.8619 0.8404 0.8333 0.8062 0.8351 0.7792 0.7520 0.8625 0.8091 0.6674 0.8214 0.7917 0.7558 0.8714 0.8448 0.8297 0.8783 0.8968 0.8067 0.7032 0.7439 0.8857 0.8769 0.9000 0.9000 0.8789 0.8750 0.9000 0.8822 0.8826 0.9000 0.8533 0.8625 0.9000 0.9000 0.9000 0.8656 0.8219 0.8412 -99999.0000 -99999.0000 -99999.0000
-99999.0000 0.9000 0.4364 0.7894 0.8433 0.8656 0.8484 0.8710 0.7969 0.7759 0.8744 0.7937 0.8625 0.8317 0.8286 0.8860 0.8500 0.8000 0.8935 0.8161 0.8594 0.8250 0.8731 0.8407 0.7353 0.8652 0.7821 0.8000 0.8710 0.8153 0.5814 0.7483 0.7610 0.7686 0.7949 0.8312 0.8500 0.8357 0.8038 0.7808 0.6935 0.7095 0.8310 0.9000 0.7000 0.8857 0.8951 0.8800 0.9000 0.8489 0.8319 0.8860 0.8556 0.8525 0.9000 0.9000 0.8750 0.8781 0.8906 0.8677 0.9000 -99999.0000 -99999.0000
-99999.0000 -99999.0000 -99999.0000 0.7737 0.8600 0.7812 0.8414 0.8138 0.7833 0.8438 0.8469 0.8206 0.8133 0.9000 -99999.0000 0.7550 0.8621 0.8333 0.7923 0.8150 0.8241 0.8500 0.8500 0.7921 0.8321 0.8660 0.8100 0.8581 0.7679 0.7444 0.6302 0.8333 0.8577 0.8161 0.8548 0.8571 0.7867 0.8759 0.8393 0.7871 0.7759 0.7909 0.8879 0.7000 0.7000 0.8556 0.8227 0.8844 0.8781 0.8613 0.8786 0.9000 0.8686 0.8727 0.8321 0.8806 0.8812 0.8781 0.8906 0.8510 0.9000 -99999.0000 -99999.0000
-99999.0000 -99999.0000 -99999.0000 0.8059 0.8500 0.8250 0.8406 0.8280 0.7969 0.8600 0.8312 0.8571 -99999.0000 -99999.0000 0.9000 0.6667 0.8241 0.7880 0.8760 0.8020 0.8000 0.7889 0.8182 0.7537 0.8281 0.8161 0.7844 0.7833 0.7719 0.7516 0.6594 0.7875 0.8567 0.8179 0.7429 0.8156 0.7310 0.7613 0.7091 0.7594 0.7406 0.8385 0.7727 0.7400 0.8224 0.8000 0.8692 0.8714 0.8656 0.8500 0.8812 0.8875 0.8778 0.8388 0.8875 0.8300 0.8906 0.8937 0.8875 0.8375 0.9000 0.0000 -99999.0000
-99999.0000 -99999.0000 -99999.0000 0.2077 0.6400 0.4737 0.8143 0.8355 0.7812 0.7889 0.7981 0.8213 0.8143 -99999.0000 0.8667 0.8500 0.9000 0.9000 0.8833 0.7686 0.8000 0.8250 0.7862 0.8636 0.8000 0.8200 0.6724 0.7169 0.8094 0.8111 0.7188 0.7688 0.7967 0.7750 0.8690 0.8800 0.7500 0.7355 0.6630 0.2683 0.5068 0.7167 0.6097 0.7437 0.6651 0.8238 0.8500 0.8873 0.8812 0.8812 0.8871 0.8806 0.8164 0.8527 0.8733 0.8600 0.8609 0.8714 0.8812 0.8719 0.8822 0.8062 0.9000
-99999.0000 -99999.0000 -99999.0000 -99999.0000 -99999.0000 -99999.0000 0.5233 0.7844 0.6341 0.4920 0.7244 0.8016 0.8289 0.7348 0.8238 0.7847 0.8647 0.8067 0.8187 0.8524 0.8481 0.8065 0.8133 0.8250 0.7875 0.8300 0.8111 0.7653 0.8333 0.7769 0.8156 0.7964 0.8187 0.7844 0.8310 0.8020 0.8541 0.8062 0.8138 0.6525 0.5571 0.7083 0.7219 0.7031 0.7156 0.8600 0.8739 0.8529 0.8750 0.8923 0.8667 0.8600 0.8667 0.9000 0.8750 0.8439 0.8417 0.8600 0.8812 0.8839 0.8733 0.8733 0.8574
-99999.0000 -99999.0000 -99999.0000 -99999.0000 -99999.0000 -99999.0000 0.0000 0.4500 0.6000 -99999.0000 0.7621 0.8143 0.8281 0.8862 0.7698 0.7632 0.8667 0.8375 0.8548 0.8556 0.8000 0.8057 0.8452 0.8419 0.7571 0.8180 0.7967 0.7880 0.8643 0.8733 0.8094 0.7786 0.8704 0.7652 0.7800 0.8298 0.8443 0.8433 0.7774 0.8019 0.8860 0.6903 0.7037 0.7469 0.8226 0.8733 0.7889 0.8750 0.8193 0.8472 0.8304 0.8875 0.8515 0.8200 0.8937 0.8687 0.8800 0.8571 0.8875 0.8839 0.8800 0.8562 0.8500
-99999.0000 -99999.0000 -99999.0000 -99999.0000 -99999.0000 -99999.0000 -99999.0000 -99999.0000 -99999.0000 -99999.0000 0.7435 0.8738 0.8125 0.7526 0.8576 0.7485 0.8138 0.8355 0.8350 0.8541 0.8062 0.8127 0.8037 0.8781 0.7491 0.7814 0.8281 0.7937 0.8031 0.6833 0.7806 0.8556 0.8123 0.8062 0.7500 0.8207 0.8484 0.7688 0.8818 0.8429 0.8444 0.8032 0.8000 0.8030 0.8357 0.8292 0.8641 0.8545 0.8176 0.8520 0.8680 0.8733 0.8500 0.8692 0.8475 0.8871 0.8613 0.8839 0.8750 0.8844 0.8862 0.8812 0.8774
-99999.0000 -99999.0000 -99999.0000 -99999.0000 -99999.0000 -99999.0000 -99999.0000 -99999.0000 -99999.0000 -99999.0000 0.8333 0.8474 0.8567 0.8311 0.8172 0.7689 0.8531 0.8000 0.8500 0.7983 0.7794 0.8219 0.8241 0.7821 0.7781 0.8094 0.8031 0.7821 0.8000 0.7219 0.7429 0.7557 0.8623 0.8281 0.8250 0.7937 0.8462 0.7615 0.8444 0.7000 0.8882 0.7857 0.7824 0.8059 0.7733 0.7240 0.7762 0.7516 0.8686 0.8556 0.8543 0.8176 0.8600 0.8934 0.8932 0.8937 0.8667 0.8873 0.8746 0.8793 0.8607 0.8429 0.8875
