data01/Wind.asc
NCOLS 73
NROWS 78
XLLCORNER 114.8409628900
YLLCORNER 27.1302345400
CELLSIZE 0.100000
NODATA_VALUE -99999.0000
[rows 28 to 55 of 78, columns 0 to 62 of 73]
-99999.0000 -99999.0000 -99999.0000 -99999.0000 -99999.0000 -99999.0000 -99999.0000 -99999.0000 -99999.0000 -99999.0000 0.1200 0.1063 0.1000 0.1000 0.1000 0.1297 0.1297 0.1047 0.1703 0.1133 0.2000 0.2000 0.2000 0.2000 0.2315 0.2200 0.2492 0.2232 0.2000 0.2000 0.2167 0.2707 0.2078 0.1081 0.1021 0.1577 0.1214 0.1442 0.0455 0.0000 0.0857 0.1929 0.2385 0.2256 0.2138 0.1967 0.1797 0.2000 0.2000 0.2000 0.2516 0.2600 0.2881 0.3000 0.3000 0.3000 0.3000 0.3000 0.3000 0.2818 0.3000 0.2931 0.2905
-99999.0000 -99999.0000 -99999.0000 -99999.0000 -99999.0000 -99999.0000 -99999.0000 -99999.0000 -99999.0000 -99999.0000 0.1000 0.1000 0.1000 0.1000 0.1000 0.1094 0.1000 0.1000 0.1437 0.1109 0.1922 0.2000 0.1967 0.1608 0.1952 0.1915 0.2000 0.2000 0.2094 0.2000 0.2155 0.2422 0.1984 0.1965 0.1787 0.2100 0.1828 0.1224 0.1267 0.0000 0.1750 0.2533 0.1810 0.2079 0.2000 0.2000 0.2000 0.1500 0.2000 0.2000 0.2159 0.2741 0.2897 0.2907 0.2692 0.3154 0.3073 0.2889 0.3483 0.3800 0.2000 0.2196 0.2812
-99999.0000 -99999.0000 -99999.0000 -99999.0000 -99999.0000 -99999.0000 -99999.0000 -99999.0000 -99999.0000 -99999.0000 0.0417 0.0914 0.1000 0.1000 0.1000 0.1000 0.1000 0.1000 0.1016 0.1532 0.1242 0.1871 0.1500 0.1250 0.1000 0.1103 0.1708 0.2406 0.3187 0.1828 0.1875 0.1781 0.1734 0.1820 0.1651 0.1641 0.1978 0.1484 0.1656 0.1104 0.1545 0.1935 0.1980 0.2000 0.2234 0.2047 0.2000 0.2000 0.2000 0.2000 0.2000 0.2000 0.2222 0.2000 0.2000 0.2133 0.2000 0.2121 0.2778 0.3471 0.3000 0.2894 0.2865
-99999.0000 -99999.0000 -99999.0000 -99999.0000 -99999.0000 -99999.0000 -99999.0000 0.4600 0.2500 0.1750 0.0000 0.0767 0.0883 0.0656 0.0875 0.0767 0.0917 0.1000 0.1081 0.1383 0.1125 0.1031 0.1000 0.0500 0.0184 0.0982 0.1952 0.3234 0.1741 0.1707 0.2250 0.1467 0.2017 0.2000 0.1063 0.1173 0.1962 0.1730 0.1983 0.1172 0.1385 0.2000 0.2017 0.2150 0.2467 0.1831 0.2000 0.2000 0.2000 0.1935 0.1167 -99999.0000 0.1800 0.2000 0.2000 0.2000 0.2000 0.2067 0.2455 0.3211 0.4333 0.3692 0.3600
-99999.0000 -99999.0000 -99999.0000 -99999.0000 -99999.0000 -99999.0000 0.2095 0.2684 0.1328 0.2211 0.1020 0.0339 0.0234 0.0000 0.0000 0.0000 0.0519 0.0984 0.0984 0.1063 0.1063 0.1063 0.1033 0.0945 0.1161 0.1750 0.2860 0.2474 0.1625 0.1879 0.2255 0.1484 0.1250 0.1033 0.1049 0.1462 0.1222 0.1823 0.1719 0.1250 0.1391 0.1875 0.2174 0.2767 0.2300 0.1579 0.2000 0.2000 0.2000 0.1977 0.1400 0.1037 0.1179 0.1214 0.1688 0.2093 0.2000 0.2654 0.2704 0.2500 0.3000 0.3079 0.3532
-99999.0000 -99999.0000 -99999.0000 -99999.0000 -99999.0000 0.2000 0.1424 0.0250 0.0063 0.0864 0.0983 0.0118 0.0390 0.0097 0.0000 0.0000 0.0266 0.0297 0.0234 0.0719 0.0875 0.0907 0.1000 0.1000 0.1872 0.2857 0.2476 0.2667 -99999.0000 0.2758 0.0902 0.1400 0.1935 0.1128 0.1800 0.2000 0.1941 0.2500 0.1717 0.2000 0.1536 0.1780 0.2150 0.2313 0.2246 0.2000 0.2000 0.2000 0.2000 0.2222 0.2148 0.1934 0.1853 0.1313 0.1000 0.1600 0.2344 0.2927 0.2885 0.2000 0.3000 0.2961 0.3000
-99999.0000 -99999.0000 -99999.0000 -99999.0000 -99999.0000 0.2632 0.0219 0.0531 0.0237 0.0073 0.0688 0.0113 0.0068 0.0031 0.0000 0.0000 0.0000 0.0000 0.0000 0.0000 0.0000 0.0383 0.1000 0.1017 0.1817 0.2291 0.2667 0.3000 0.2658 0.2587 0.1946 0.1483 0.1576 0.1823 0.2000 0.2000 0.2259 0.2156 0.2000 0.2000 0.2000 0.2000 0.1859 0.2000 0.1453 0.1976 0.1786 0.2114 0.2000 0.2000 0.2000 0.2000 0.2000 0.2250 0.1789 0.1000 0.2171 0.2650 0.2690 0.4000 0.2200 0.2448 0.3000
-99999.0000 -99999.0000 -99999.0000 -99999.0000 -99999.0000 0.3029 0.0889 0.1469 0.2452 0.0781 0.0156 0.0500 0.2094 0.0031 0.0000 0.0000 0.0000 0.0000 0.0000 0.0000 0.0063 0.0159 0.1078 0.1419 0.2062 0.2172 0.2063 0.2797 0.3017 0.1922 0.1065 0.1547 0.2000 0.2000 0.2000 0.1875 0.1984 0.2000 0.2000 0.2000 0.2000 0.2000 0.1969 0.1622 0.1162 0.1833 0.1043 0.1203 0.1696 0.1857 0.2020 0.2000 0.2000 0.4000 0.3167 0.3107 0.2087 0.2000 0.3000 0.2720 0.2308 0.1800 0.2000
-99999.0000 -99999.0000 -99999.0000 -99999.0000 -99999.0000 -99999.0000 0.1105 0.0667 0.2636 0.1889 0.0627 0.0063 0.1746 0.0642 0.0089 0.0000 0.0000 0.0375 0.0000 0.0182 0.0194 0.0484 0.1203 0.2450 0.2240 0.2266 0.2031 0.2359 0.1734 0.1984 0.1444 0.1918 0.2000 0.2000 0.1923 0.1324 0.1953 0.2000 0.2000 0.2000 0.2000 0.2103 0.1887 0.1105 0.1444 0.1731 0.1273 0.1056 0.1492 0.1444 0.1240 -99999.0000 -99999.0000 -99999.0000 0.3000 0.2415 0.1857 0.1000 0.2500 0.2222 0.2222 0.2118 0.2000
-99999.0000 -99999.0000 -99999.0000 -99999.0000 -99999.0000 -99999.0000 0.2000 0.0480 -99999.0000 0.0500 0.0640 0.0219 0.0390 0.1127 0.0557 0.0175 0.0156 0.0078 0.0016 0.0813 0.1323 0.0797 0.0855 0.1967 0.2037 0.2000 0.1828 0.1484 0.1078 0.1500 0.1980 0.1909 0.1804 0.1129 0.1492 0.1569 0.2000 0.2000 0.2000 0.1966 0.1915 0.2067 0.2000 0.1963 0.2138 0.2281 0.2049 0.2073 0.1904 0.1238 0.0698 -99999.0000 -99999.0000 -99999.0000 0.3143 0.3000 0.2211 0.2188 0.2343 0.3300 0.3125 0.3040 0.2182
-99999.0000 -99999.0000 -99999.0000 -99999.0000 -99999.0000 -99999.0000 -99999.0000 -99999.0000 -99999.0000 0.1000 0.0632 0.0644 0.0281 0.2031 0.1656 0.0984 0.0641 0.1500 0.1250 0.0476 0.2300 0.1422 0.1734 0.1891 0.1859 0.1742 0.1547 0.0841 0.1000 0.1500 0.1435 0.1580 0.1845 0.0893 0.1000 0.1071 0.1774 0.1965 0.1944 0.1881 0.1864 0.1875 0.2000 0.2000 0.2531 0.2710 0.1452 0.2242 0.1036 0.1232 0.0200 0.1444 -99999.0000 0.3000 0.4471 0.3688 0.3667 0.2971 0.2531 0.3000 0.3143 0.3432 0.2725
-99999.0000 -99999.0000 -99999.0000 -99999.0000 -99999.0000 -99999.0000 -99999.0000 -99999.0000 -99999.0000 -99999.0000 -99999.0000 0.0333 0.2450 0.1172 0.1717 0.2067 0.2234 0.1797 0.0625 0.2211 0.2018 0.1475 0.1382 0.1810 0.1113 0.1048 0.1484 0.1328 0.0909 0.1727 0.0956 0.0969 0.1121 0.0625 0.0911 0.1000 0.1274 0.1841 0.1189 0.1057 0.1266 0.0982 0.1597 0.1477 0.1391 0.1000 0.1063 0.1672 0.2264 0.0563 0.0267 0.1333 0.2750 0.2667 0.3667 0.3000 0.3435 0.3000 0.3000 0.3000 0.2909 0.2959 0.2930
-99999.0000 -99999.0000 -99999.0000 -99999.0000 -99999.0000 -99999.0000 -99999.0000 -99999.0000 -99999.0000 -99999.0000 0.0645 0.0197 0.1813 0.0483 0.0796 0.2278 0.2562 0.0344 0.0688 0.1698 0.2016 0.2000 0.2000 0.1500 0.1036 0.1569 0.1852 0.1745 0.1121 0.0405 0.0328 0.0953 0.1516 0.0578 0.0000 0.0684 0.1000 0.1109 0.0820 0.0200 0.0452 0.0891 0.0857 0.0375 0.0984 0.0822 0.0982 0.0674 0.0152 0.0016 0.0839 0.1130 0.2208 0.2208 0.2806 0.2304 0.2000 0.2273 0.2385 0.2815 0.2043 0.2242 0.2621
-99999.0000 -99999.0000 -99999.0000 -99999.0000 -99999.0000 -99999.0000 -99999.0000 -99999.0000 -99999.0000 0.1273 0.0305 0.0125 0.1719 0.0094 0.0688 0.0452 0.1094 0.0625 0.1328 0.1907 0.2000 0.2000 0.2000 0.1444 0.1559 0.1806 0.1400 0.0978 0.0545 0.0077 0.0559 0.0672 0.0219 0.0016 0.0067 0.0067 0.0242 0.0547 0.0063 0.0000 0.0000 0.0328 0.0828 0.0063 0.0734 0.0820 0.1424 0.0050 0.0000 0.0203 0.1516 0.1359 0.1305 0.1864 0.2000 0.2000 0.2000 0.2000 0.2000 0.2000 0.2000 0.2000 0.2047
-99999.0000 -99999.0000 -99999.0000 -99999.0000 -99999.0000 -99999.0000 -99999.0000 -99999.0000 -99999.0000 0.0474 0.0031 0.0625 0.1625 0.0344 0.0031 0.0250 0.1850 0.1152 0.2109 0.1966 0.1712 0.1590 0.1592 0.1286 0.1485 0.1629 0.1063 0.0824 0.0016 0.0146 0.0000 0.0094 0.0267 0.0188 0.0344 0.0192 0.0194 0.1734 0.1234 0.0234 0.0217 0.0414 0.0156 0.0172 0.1217 0.2172 0.1200 0.0109 0.0100 0.1281 0.2167 0.0400 0.0848 0.1485 0.2000 0.2000 0.2000 0.2000 0.2000 0.1965 0.2000 0.2000 0.2096
-99999.0000 -99999.0000 -99999.0000 -99999.0000 -99999.0000 -99999.0000 -99999.0000 -99999.0000 -99999.0000 0.0000 0.0170 0.0031 0.0481 0.0519 0.0806 0.0656 0.1672 0.2431 0.2703 0.1859 0.2210 0.2026 0.4700 0.2000 0.1529 0.0939 0.0724 0.1672 0.0234 0.0361 0.0281 0.0613 0.0800 0.0688 0.0031 0.0063 0.0437 0.1109 0.1953 0.0609 0.0327 0.0000 0.0437 0.0766 0.0938 0.0434 0.0000 0.0203 0.1060 0.2156 0.0947 0.0073 0.0673 0.1214 0.2000 0.2000 0.2000 0.1852 0.2000 0.2000 0.2000 0.2118 0.2750
-99999.0000 -99999.0000 -99999.0000 -99999.0000 -99999.0000 -99999.0000 -99999.0000 -99999.0000 -99999.0000 -99999.0000 0.0346 0.0578 0.0714 0.0111 0.1696 0.2188 0.2156 0.2933 0.2328 0.2161 0.2814 0.2308 0.1789 0.1875 0.0982 0.0119 0.0404 0.0325 0.0656 0.1404 0.0867 0.0938 0.0188 0.0143 0.0125 0.0500 0.0563 0.2406 0.0656 0.0040 0.0103 0.0281 0.0031 0.0214 0.1267 0.0727 0.1200 0.3328 0.2016 0.1258 0.0644 0.0442 0.0635 0.1019 0.1273 0.1836 0.2000 0.1966 0.1463 0.2000 0.2064 0.3000 -99999.0000
-99999.0000 -99999.0000 -99999.0000 -99999.0000 -99999.0000 -99999.0000 -99999.0000 -99999.0000 -99999.0000 -99999.0000 0.0833 0.1417 0.1250 0.0953 0.1286 0.2766 0.2656 0.3100 0.2172 0.2914 0.3000 0.2733 0.3000 0.1304 0.0419 0.0141 0.0511 0.0000 0.1500 0.1000 0.0097 0.0278 0.0174 0.0414 0.0344 0.0563 0.0969 0.2438 0.0500 0.0078 0.0734 0.1953 0.0422 0.1063 0.1547 0.1513 0.3000 0.2406 0.2406 0.1250 0.0362 0.0460 0.0293 0.0588 0.0971 0.1741 0.2353 0.2000 0.2032 0.2034 0.2121 0.3000 0.5000
-99999.0000 -99999.0000 -99999.0000 -99999.0000 -99999.0000 -99999.0000 -99999.0000 -99999.0000 -99999.0000 -99999.0000 0.0667 0.0154 0.0900 0.1453 0.2102 0.2873 0.3429 0.3102 0.3094 0.3000 0.3061 0.2455 0.1396 0.0629 0.0047 0.0397 0.1079 0.1860 0.1536 0.1574 0.0129 0.0067 0.0423 0.0036 0.0016 0.0125 0.0422 0.0156 0.0661 0.0323 0.1828 0.1704 0.2597 0.2453 0.1125 0.1048 0.0333 0.0281 0.0200 0.0018 0.0137 0.0089 0.0000 0.0000 0.0556 0.1273 0.1407 0.1889 0.2750 0.2714 0.3000 0.3273 0.2607
-99999.0000 -99999.0000 -99999.0000 -99999.0000 -99999.0000 -99999.0000 -99999.0000 -99999.0000 -99999.0000 -99999.0000 -99999.0000 0.0000 0.0857 0.2016 0.2456 0.3786 0.3929 0.3463 0.3232 0.3000 0.3207 0.1978 0.0484 0.0312 0.0375 0.0286 0.0159 0.0094 0.1400 0.0188 0.0000 0.0156 0.0688 0.0875 0.0063 0.0766 0.1000 0.0397 0.0694 0.1291 0.3404 0.2766 0.0563 0.0266 0.0094 0.0063 0.0133 0.0103 0.0000 0.0034 0.0349 0.0000 0.0261 0.0500 0.1000 0.1400 0.0684 0.1058 0.1789 0.2571 0.2520 0.2151 0.1346
-99999.0000 -99999.0000 -99999.0000 -99999.0000 -99999.0000 -99999.0000 -99999.0000 -99999.0000 -99999.0000 -99999.0000 -99999.0000 -99999.0000 0.2242 0.2548 0.3000 0.3897 0.3844 0.3463 0.3000 0.3176 0.2125 0.0784 0.0452 0.0516 0.2141 0.0800 0.1048 0.0213 0.0625 0.0516 0.0897 0.1594 0.1312 0.2883 0.2281 0.2500 0.0290 0.0271 0.0422 0.2822 0.2750 0.0127 0.0031 0.0016 0.0019 0.0032 0.0250 0.0125 0.0156 0.0188 0.0408 0.0216 0.0065 0.0091 0.0382 0.0375 0.0000 0.0737 0.0729 0.1000 0.0971 0.0571 0.0839
-99999.0000 -99999.0000 -99999.0000 -99999.0000 -99999.0000 -99999.0000 -99999.0000 -99999.0000 -99999.0000 -99999.0000 -99999.0000 -99999.0000 0.3000 0.3333 0.4308 0.4000 0.4053 0.4125 -99999.0000 0.1727 0.1426 0.1200 0.0875 0.3141 0.2937 0.1885 0.2607 0.1590 0.1328 0.1219 0.1419 0.1219 0.0400 0.1242 0.0609 0.0141 0.0226 0.0609 0.0891 0.1422 0.2270 0.1508 0.0312 0.0078 0.0797 0.0000 0.0113 0.0417 0.0094 0.0127 0.0000 0.0122 0.0672 0.0238 0.0089 0.1131 0.0157 0.0000 0.0081 0.1000 0.0627 0.0237 0.0350
-99999.0000 -99999.0000 -99999.0000 -99999.0000 -99999.0000 -99999.0000 -99999.0000 -99999.0000 -99999.0000 -99999.0000 -99999.0000 -99999.0000 0.5000 0.4600 0.3558 0.3533 0.4100 0.5000 -99999.0000 0.2000 0.2471 0.1150 0.1449 0.1750 0.0620 0.0085 0.0563 0.0906 0.0117 0.0203 0.0656 0.0000 0.0047 0.0113 0.0070 0.0033 0.0297 0.0333 0.0859 0.2188 0.0953 0.0359 0.0125 0.0312 0.0125 0.0016 0.0032 0.0078 0.0267 0.0000 0.0230 0.0703 0.0188 0.0078 0.0143 0.0133 0.0453 0.0467 0.0841 0.0491 0.0406 0.0237 0.1607
-99999.0000 -99999.0000 -99999.0000 -99999.0000 -99999.0000 -99999.0000 -99999.0000 -99999.0000 -99999.0000 -99999.0000 -99999.0000 -99999.0000 -99999.0000 0.3000 0.3000 -99999.0000 -99999.0000 -99999.0000 0.0615 0.0915 0.1500 0.1562 0.0214 -99999.0000 -99999.0000 0.0000 0.0159 0.0000 0.0031 0.0125 0.0000 0.0000 0.0050 0.0063 0.0000 0.0033 0.0031 0.0406 0.1344 0.1345 0.2000 0.1094 0.0113 0.0295 0.0750 0.0109 0.1095 0.0233 0.0047 0.0219 0.0969 0.0797 0.0734 0.0178 0.0000 0.0000 0.0781 0.0516 0.0545 0.0393 0.0359 0.1281 0.2217
-99999.0000 -99999.0000 -99999.0000 -99999.0000 -99999.0000 -99999.0000 -99999.0000 -99999.0000 -99999.0000 -99999.0000 -99999.0000 -99999.0000 -99999.0000 -99999.0000 -99999.0000 -99999.0000 -99999.0000 -99999.0000 0.0580 0.0250 0.0623 0.0528 0.0000 -99999.0000 -99999.0000 -99999.0000 0.0194 0.0167 0.0000 0.0077 0.0186 0.0234 0.0000 0.0000 0.0000 0.0111 0.1375 0.0844 0.0770 0.0381 0.1125 0.1913 0.0200 0.0220 0.0790 0.0710 0.0857 0.0107 0.1559 0.1500 0.0375 0.0125 0.0304 0.0143 0.0000 0.0063 0.1313 0.1594 0.2938 0.2417 0.1391 0.2969 0.3672
-99999.0000 -99999.0000 -99999.0000 -99999.0000 -99999.0000 -99999.0000 -99999.0000 -99999.0000 -99999.0000 -99999.0000 -99999.0000 -99999.0000 -99999.0000 -99999.0000 -99999.0000 -99999.0000 -99999.0000 -99999.0000 0.1000 0.0676 0.0308 -99999.0000 -99999.0000 -99999.0000 -99999.0000 -99999.0000 -99999.0000 -99999.0000 -99999.0000 -99999.0000 0.1222 0.0625 0.1439 0.0031 0.0219 0.2016 0.2406 0.0922 0.0344 0.0577 0.0818 0.1000 0.0222 0.0030 0.0460 0.0576 0.0268 0.0312 0.1117 0.0859 0.0188 0.0188 0.0839 0.0172 0.0065 0.0259 0.2500 0.0781 0.0085 0.0194 0.0340 0.0688 0.0903
-99999.0000 -99999.0000 -99999.0000 -99999.0000 -99999.0000 -99999.0000 -99999.0000 -99999.0000 -99999.0000 -99999.0000 -99999.0000 -99999.0000 -99999.0000 -99999.0000 -99999.0000 -99999.0000 -99999.0000 -99999.0000 -99999.0000 -99999.0000 -99999.0000 -99999.0000 -99999.0000 -99999.0000 -99999.0000 -99999.0000 -99999.0000 -99999.0000 -99999.0000 -99999.0000 -99999.0000 -99999.0000 0.1900 0.1581 0.1081 0.1375 0.1187 0.0000 0.0222 0.0800 0.0571 0.0292 0.0143 0.0098 0.0085 0.0159 0.0306 0.0437 0.0969 0.0339 0.0256 0.0131 0.0203 0.1094 0.1317 0.1446 0.2812 0.0613 0.0016 0.0362 0.0372 0.0150 0.0375
-99999.0000 -99999.0000 -99999.0000 -99999.0000 -99999.0000 -99999.0000 -99999.0000 -99999.0000 -99999.0000 -99999.0000 -99999.0000 -99999.0000 -99999.0000 -99999.0000 -99999.0000 -99999.0000 -99999.0000 -99999.0000 -99999.0000 -99999.0000 -99999.0000 -99999.0000 -99999.0000 -99999.0000 -99999.0000 -99999.0000 -99999.0000 -99999.0000 -99999.0000 -99999.0000 -99999.0000 -99999.0000 0.3000 0.2343 0.1018 0.1323 0.0267 0.0000 0.0021 0.0088 0.0250 0.0406 0.0742 0.0321 0.0250 0.0891 0.0078 0.0109 0.0453 0.0516 0.0873 0.0483 0.0429 0.0448 0.1109 0.1145 0.0453 0.0517 0.0922 0.0859 0.2469 0.2080 0.0855
