data01/Wind.asc
NCOLS 73
NROWS 78
XLLCORNER 114.8409628900
YLLCORNER 27.1302345400
CELLSIZE 0.100000
NODATA_VALUE -99999.0000
[rows 0 to 27 of 78, columns 0 to 62 of 73]
-99999.0000 -99999.0000 -99999.0000 -99999.0000 -99999.0000 -99999.0000 -99999.0000 -99999.0000 -99999.0000 -99999.0000 -99999.0000 -99999.0000 -99999.0000 -99999.0000 -99999.0000 0.2000 0.2000 0.2000 0.2000 0.2000 0.2100 0.2000 -99999.0000 -99999.0000 -99999.0000 -99999.0000 -99999.0000 -99999.0000 -99999.0000 -99999.0000 -99999.0000 -99999.0000 -99999.0000 -99999.0000 -99999.0000 -99999.0000 -99999.0000 -99999.0000 -99999.0000 0.1364 0.1949 0.1404 0.1604 0.2118 -99999.0000 -99999.0000 -99999.0000 -99999.0000 -99999.0000 -99999.0000 -99999.0000 -99999.0000 -99999.0000 -99999.0000 -99999.0000 -99999.0000 -99999.0000 -99999.0000 -99999.0000 -99999.0000 -99999.0000 -99999.0000 -99999.0000
-99999.0000 -99999.0000 -99999.0000 -99999.0000 -99999.0000 -99999.0000 -99999.0000 -99999.0000 -99999.0000 -99999.0000 -99999.0000 -99999.0000 -99999.0000 -99999.0000 -99999.0000 0.2000 0.2000 0.2000 0.2000 0.2000 0.1907 0.1917 0.2000 -99999.0000 -99999.0000 -99999.0000 -99999.0000 -99999.0000 -99999.0000 -99999.0000 -99999.0000 -99999.0000 -99999.0000 -99999.0000 -99999.0000 -99999.0000 -99999.0000 -99999.0000 0.1500 0.1765 0.1943 0.1984 0.1843 0.2850 0.3800 0.3857 -99999.0000 -99999.0000 -99999.0000 -99999.0000 -99999.0000 -99999.0000 -99999.0000 -99999.0000 -99999.0000 -99999.0000 -99999.0000 -99999.0000 -99999.0000 -99999.0000 -99999.0000 -99999.0000 -99999.0000
-99999.0000 -99999.0000 -99999.0000 -99999.0000 -99999.0000 -99999.0000 -99999.0000 -99999.0000 -99999.0000 -99999.0000 -99999.0000 -99999.0000 -99999.0000 -99999.0000 -99999.0000 0.2000 0.2031 0.2000 0.2000 0.2000 0.2000 0.1966 0.1667 -99999.0000 -99999.0000 -99999.0000 -99999.0000 -99999.0000 -99999.0000 0.1200 0.2000 0.2000 0.2000 -99999.0000 -99999.0000 -99999.0000 0.2000 0.2160 0.2000 0.1982 0.1984 0.2000 0.2000 0.2543 0.3040 0.1731 0.2000 0.0000 -99999.0000 -99999.0000 -99999.0000 -99999.0000 -99999.0000 -99999.0000 -99999.0000 -99999.0000 -99999.0000 -99999.0000 -99999.0000 -99999.0000 -99999.0000 -99999.0000 -99999.0000
-99999.0000 -99999.0000 -99999.0000 -99999.0000 -99999.0000 -99999.0000 -99999.0000 -99999.0000 -99999.0000 -99999.0000 -99999.0000 -99999.0000 -99999.0000 0.3000 0.2595 0.2270 0.2183 0.2000 0.2000 0.2000 0.2000 0.2000 0.2000 0.2000 0.2000 0.2000 -99999.0000 -99999.0000 0.1000 0.1564 0.2000 0.2000 0.2000 0.2000 -99999.0000 0.2600 0.2051 0.2140 0.2000 0.1941 0.1983 0.2000 0.2060 0.1360 0.1439 0.1548 0.3200 0.4385 -99999.0000 -99999.0000 -99999.0000 -99999.0000 -99999.0000 -99999.0000 -99999.0000 -99999.0000 -99999.0000 -99999.0000 -99999.0000 -99999.0000 -99999.0000 -99999.0000 -99999.0000
-99999.0000 -99999.0000 -99999.0000 -99999.0000 -99999.0000 -99999.0000 -99999.0000 -99999.0000 -99999.0000 -99999.0000 -99999.0000 -99999.0000 -99999.0000 0.2500 0.2525 0.2236 0.2297 0.2000 0.2000 0.2000 0.2000 0.2000 0.2000 0.2000 0.2356 0.2200 0.2296 0.2000 0.1966 0.1700 0.2000 0.2000 0.2000 0.2000 -99999.0000 0.2389 0.2172 0.2000 0.2000 0.1953 0.2000 0.2000 0.2047 0.1844 0.1531 0.2016 0.2527 0.3600 0.4600 0.3800 0.5000 -99999.0000 -99999.0000 -99999.0000 -99999.0000 -99999.0000 -99999.0000 -99999.0000 -99999.0000 -99999.0000 -99999.0000 -99999.0000 -99999.0000
-99999.0000 -99999.0000 -99999.0000 -99999.0000 -99999.0000 -99999.0000 -99999.0000 -99999.0000 -99999.0000 -99999.0000 -99999.0000 -99999.0000 -99999.0000 0.2294 0.2237 0.2044 0.2000 0.2000 0.2000 0.2000 0.2000 0.2000 0.1975 0.1902 0.1909 0.1068 0.1925 0.1562 0.1187 0.1433 0.2000 0.1955 0.2000 0.2000 0.2000 0.2000 0.2000 0.2000 0.2000 0.2000 0.2000 0.2000 0.2000 0.2000 0.2016 0.2017 0.2078 0.2594 0.2881 0.3063 0.3950 0.4000 0.4000 -99999.0000 -99999.0000 -99999.0000 -99999.0000 -99999.0000 -99999.0000 -99999.0000 -99999.0000 -99999.0000 -99999.0000
-99999.0000 -99999.0000 -99999.0000 -99999.0000 -99999.0000 -99999.0000 -99999.0000 -99999.0000 -99999.0000 -99999.0000 -99999.0000 -99999.0000 -99999.0000 -99999.0000 0.2000 0.2733 0.2000 0.1864 0.2000 0.2000 0.2000 0.1984 0.1714 0.1000 0.1077 0.1421 0.2000 0.2000 0.1887 0.1942 0.1966 0.1625 0.2000 0.2000 0.2048 0.2016 0.2000 0.2000 0.2000 0.2000 0.2000 0.2000 0.2000 0.1961 0.1953 0.2000 0.2031 0.2000 0.2000 0.2079 0.3000 0.3439 0.3273 0.4200 0.5000 -99999.0000 -99999.0000 -99999.0000 -99999.0000 -99999.0000 -99999.0000 -99999.0000 -99999.0000
-99999.0000 -99999.0000 -99999.0000 -99999.0000 -99999.0000 -99999.0000 -99999.0000 -99999.0000 -99999.0000 -99999.0000 -99999.0000 -99999.0000 -99999.0000 -99999.0000 -99999.0000 -99999.0000 0.2000 0.2000 0.2000 0.2000 0.2423 0.1848 0.2298 0.1000 0.1269 0.2000 0.2105 0.2034 0.2000 0.2031 0.2000 0.2057 0.3000 0.2571 0.2585 0.2016 0.2000 0.2000 0.2000 0.2000 0.2000 0.2000 0.2000 0.2000 0.2000 0.2033 0.2317 0.2000 0.2000 0.2048 0.2655 0.3000 0.3000 0.3063 0.3828 -99999.0000 -99999.0000 -99999.0000 -99999.0000 -99999.0000 -99999.0000 -99999.0000 -99999.0000
-99999.0000 -99999.0000 -99999.0000 -99999.0000 -99999.0000 -99999.0000 -99999.0000 0.2000 0.2000 0.2000 0.2000 -99999.0000 -99999.0000 -99999.0000 -99999.0000 -99999.0000 0.2000 0.2000 0.2000 0.2000 0.2050 0.2559 0.2531 0.1109 0.1855 0.2063 0.2000 0.2000 0.2233 0.2188 0.2071 0.2016 0.2763 -99999.0000 0.2765 0.2000 0.2000 0.2000 0.2000 0.1895 0.2000 0.2000 0.2000 0.2000 0.2000 0.2000 0.2000 0.2041 0.2298 0.2767 0.2772 0.3000 0.3000 0.3000 0.3048 -99999.0000 -99999.0000 -99999.0000 -99999.0000 -99999.0000 -99999.0000 -99999.0000 -99999.0000
-99999.0000 -99999.0000 -99999.0000 -99999.0000 -99999.0000 -99999.0000 -99999.0000 0.2000 0.2000 0.2000 0.2000 0.2000 -99999.0000 -99999.0000 -99999.0000 -99999.0000 -99999.0000 0.2000 0.1983 0.1767 0.2227 0.4048 0.2228 0.1594 0.2062 0.2094 0.2000 0.2000 0.2000 0.2000 0.2000 0.2000 0.2145 0.2432 0.2435 0.2000 0.2000 0.2000 0.2000 0.2000 0.2000 0.2000 0.2000 0.2000 0.2000 0.2000 0.2169 0.2475 0.2607 0.2114 0.2393 0.3000 0.3000 0.3000 0.3066 0.3909 -99999.0000 -99999.0000 -99999.0000 -99999.0000 -99999.0000 -99999.0000 -99999.0000
-99999.0000 -99999.0000 -99999.0000 -99999.0000 -99999.0000 -99999.0000 0.2000 0.2000 0.1983 0.1850 0.2000 0.2000 0.2000 -99999.0000 -99999.0000 0.2000 0.2000 0.2000 0.1943 0.1806 0.2817 0.3156 0.1562 0.1953 0.2250 0.2094 0.2000 0.2031 0.2031 0.2000 0.1918 0.1755 0.2000 0.1778 0.1524 0.2000 0.2000 0.2000 0.2000 0.2000 0.2000 0.2000 0.2000 0.2000 0.2032 0.2286 0.2270 0.2710 0.2242 0.2217 0.2914 0.3000 0.3000 0.3000 0.3000 0.3231 -99999.0000 -99999.0000 -99999.0000 -99999.0000 -99999.0000 -99999.0000 -99999.0000
-99999.0000 -99999.0000 -99999.0000 -99999.0000 -99999.0000 -99999.0000 -99999.0000 0.2000 0.1984 0.1870 0.2000 0.2000 0.2000 0.3000 0.2062 0.2000 0.2000 0.2000 0.2000 0.2000 0.2000 0.2281 0.2094 0.2000 0.2000 0.2000 0.2000 0.2000 0.2000 0.2000 0.2000 0.2000 0.2000 0.2000 0.2000 0.2000 0.2000 0.2000 0.2000 0.2000 0.2000 0.2000 0.2000 0.2000 0.2000 0.2230 0.2556 0.2359 0.2000 0.2036 0.2879 0.3000 0.3000 0.2981 0.2854 0.3480 0.5000 -99999.0000 -99999.0000 -99999.0000 -99999.0000 -99999.0000 -99999.0000
-99999.0000 -99999.0000 -99999.0000 -99999.0000 -99999.0000 -99999.0000 -99999.0000 0.2000 0.2000 0.2000 0.2000 0.2000 0.2068 0.2434 0.2172 0.2033 0.2000 0.2000 0.2000 0.2000 0.2000 0.2000 0.2000 0.2000 0.2000 0.2000 0.2000 0.2000 0.2000 0.2000 0.2000 0.2000 0.2000 0.2000 0.2000 0.2000 0.2000 0.2000 0.1854 0.1969 0.2000 0.2000 0.2000 0.2000 0.2000 0.2226 0.2226 0.2194 0.2516 0.2452 0.2983 0.3000 0.3000 0.2984 0.3047 0.3952 0.5000 -99999.0000 -99999.0000 -99999.0000 -99999.0000 -99999.0000 -99999.0000
-99999.0000 -99999.0000 -99999.0000 -99999.0000 -99999.0000 0.2000 0.2000 0.2000 0.2000 0.2000 0.2000 0.2000 0.2033 0.2065 0.2067 0.2281 0.2062 0.2000 0.2000 0.2000 0.2000 0.1707 0.2000 0.2000 0.2000 0.2000 0.2000 0.2000 0.2000 0.2000 0.2000 0.2000 0.2000 0.2000 0.2000 0.2000 0.2125 0.2200 0.2000 0.2000 0.2000 0.1828 0.0938 0.1739 0.2000 0.2000 0.2000 0.2021 0.2400 0.2875 0.2984 0.3000 0.3000 0.3000 0.3000 0.3333 0.3800 -99999.0000 -99999.0000 -99999.0000 -99999.0000 -99999.0000 -99999.0000
-99999.0000 -99999.0000 -99999.0000 -99999.0000 0.1200 0.1927 0.2000 0.2000 0.2000 0.2000 0.2000 0.2000 0.2000 0.2000 0.2217 0.2203 0.2031 0.2031 0.2000 0.2000 0.2000 0.2000 0.2000 0.2000 0.2000 0.2000 0.2000 0.2000 0.2000 0.2000 0.2000 0.2000 0.2000 0.1947 0.2000 0.2000 0.2176 0.2000 0.2000 0.2000 0.2020 0.1815 0.1717 0.1900 0.2000 0.2000 0.2052 0.2278 0.2789 0.2000 0.2742 0.3000 0.2966 0.2968 0.3000 0.3000 0.3024 0.4000 -99999.0000 -99999.0000 -99999.0000 -99999.0000 -99999.0000
-99999.0000 -99999.0000 -99999.0000 -99999.0000 0.2000 0.2000 0.2000 0.2000 0.2000 0.2000 0.2000 0.2000 0.2000 0.2000 0.2234 0.2484 0.2156 0.2031 0.2000 0.2000 0.2000 0.2000 0.2000 0.2000 0.2000 0.2000 0.2000 0.2000 0.2000 0.2000 0.2000 0.2047 0.2047 0.1961 0.2000 0.2000 0.2000 0.3000 -99999.0000 0.2857 0.2692 0.2016 0.2000 0.2000 0.2000 0.2000 0.2022 0.2947 0.2917 0.2525 0.2766 0.2967 0.2259 0.2400 0.3000 0.3000 0.3016 0.3417 -99999.0000 -99999.0000 -99999.0000 -99999.0000 -99999.0000
-99999.0000 -99999.0000 -99999.0000 -99999.0000 0.2000 0.1956 0.2000 0.2000 0.2000 0.2000 0.2000 0.2000 0.2000 0.2000 0.2000 0.2067 0.2036 0.2000 0.2000 0.2000 0.2000 0.2000 0.2000 0.2000 0.2000 0.2000 0.2000 0.2000 0.2000 0.2135 0.2143 0.2157 0.2262 0.2000 0.2000 0.2000 -99999.0000 -99999.0000 -99999.0000 0.2333 0.2026 0.2000 0.2242 0.2324 0.2000 0.2000 0.2000 0.2659 0.3000 0.3000 0.3000 0.2968 0.2429 0.2610 0.3000 0.3000 0.3000 0.3174 0.4400 0.4909 -99999.0000 -99999.0000 -99999.0000
0.2000 0.2000 -99999.0000 0.2000 0.2000 0.1968 0.2000 0.2000 0.2000 0.2000 0.2000 0.2000 0.2000 0.2000 0.2000 0.2000 0.2000 0.2000 0.2000 0.2000 0.2000 0.2000 0.2000 0.2000 0.2000 0.2000 0.2077 0.2000 0.2107 0.2704 0.2590 0.2370 0.2060 0.2100 0.2839 0.3000 0.2500 0.2857 0.2857 0.2719 0.2016 0.2000 0.2000 0.2182 0.2000 0.2000 0.2000 0.2543 0.3000 0.3000 0.3000 0.3000 0.3000 0.3000 0.3000 0.2961 0.2689 0.3000 0.3523 0.4947 -99999.0000 -99999.0000 -99999.0000
0.2000 0.2000 0.2000 0.2000 0.2000 0.2000 0.2000 0.2000 0.2000 0.2000 0.2000 0.2000 0.2000 0.2017 0.2016 0.2000 0.2000 0.2000 0.2000 0.2000 0.2000 0.2082 0.2605 0.2000 0.2000 0.2000 0.2000 0.2032 0.2207 0.2000 0.2243 0.2508 0.2083 0.2000 0.2077 0.2098 0.2061 0.2164 0.2419 0.2647 0.2040 0.2000 0.2000 0.2017 0.2161 0.2064 0.2016 0.2288 0.3000 0.3000 0.3000 0.3000 0.3000 0.3000 0.3000 0.3000 0.3000 0.3000 0.3068 0.3800 -99999.0000 -99999.0000 -99999.0000
0.2000 0.2000 0.2000 0.2000 0.2000 0.2000 0.2000 0.2000 0.2000 0.2000 0.1967 0.2000 0.2000 0.2016 0.2017 0.2000 0.2062 0.2000 0.2000 0.2000 0.2346 0.2238 0.2128 0.2056 0.2000 0.1946 0.2000 0.2000 0.2000 0.2227 0.2860 0.2500 0.2208 0.2047 0.2000 0.2310 0.2081 0.2043 0.2145 0.2150 0.2000 0.2000 0.2000 0.2019 0.3000 0.3000 0.2596 0.2219 0.2923 0.2911 0.2870 0.3000 0.3000 0.3000 0.3000 0.3000 0.3000 0.3000 0.3000 0.3000 -99999.0000 -99999.0000 -99999.0000
-99999.0000 0.2000 0.2000 0.2000 0.2000 0.2000 0.2000 0.2000 0.2000 0.1828 0.1615 0.2000 0.2000 0.2000 0.2000 0.2000 0.2000 0.2000 0.2000 0.2000 0.2062 0.2000 0.2000 0.2037 0.2000 0.1848 0.2125 0.2000 0.2032 0.2169 0.2034 0.2000 0.2237 0.2000 0.2237 0.2422 0.2350 0.2179 0.2731 0.2423 0.2032 0.2000 0.2000 0.2462 0.4000 0.2929 0.2878 0.2975 0.2885 0.2489 0.2702 0.3000 0.3000 0.3000 0.2974 0.2983 0.3000 0.3000 0.3000 0.3000 0.3000 -99999.0000 -99999.0000
-99999.0000 -99999.0000 -99999.0000 0.2000 0.2000 0.2000 0.2000 0.2000 0.2000 0.1984 0.1984 0.2000 0.2000 0.2000 -99999.0000 0.2000 0.2000 0.2000 0.2000 0.2000 0.2000 0.2000 0.2017 0.2206 0.2089 0.2642 0.2317 0.2065 0.2482 0.2537 0.2317 0.1733 0.2288 0.2387 0.2129 0.1589 0.1900 0.2017 0.2214 0.2194 0.2000 0.2000 0.2424 0.3000 0.3000 0.2778 0.2023 0.2344 0.2703 0.2871 0.3000 0.3000 0.3000 0.2955 0.2981 0.2984 0.3000 0.3000 0.3000 0.3000 0.3000 -99999.0000 -99999.0000
-99999.0000 -99999.0000 -99999.0000 0.2000 0.2000 0.2000 0.2000 0.1960 0.2000 0.2000 0.2000 0.2000 -99999.0000 -99999.0000 0.2000 0.2000 0.2000 0.2000 0.2000 0.2078 0.1920 0.2000 0.1886 0.2512 0.2766 0.3565 0.2609 0.2271 0.2359 0.2145 0.2062 0.2047 0.2483 0.3071 0.2054 0.2047 0.1638 0.1823 0.2000 0.2000 0.2000 0.2019 0.2309 0.2714 0.2653 0.2974 0.2346 0.2016 0.2313 0.2734 0.2938 0.3000 0.2600 0.2837 0.3000 0.3000 0.3000 0.3000 0.3000 0.3000 0.3000 0.5000 -99999.0000
-99999.0000 -99999.0000 -99999.0000 0.2000 0.2000 0.2000 0.2000 0.1968 0.2000 0.2000 0.2000 0.2000 0.2000 -99999.0000 0.2000 0.2000 0.2000 0.2000 0.2000 0.1886 0.1769 0.1833 0.1931 0.2000 0.2188 0.3017 0.2914 0.2508 0.2264 0.2148 0.2031 0.2281 0.2817 0.2344 0.2017 0.2233 0.2288 0.1629 0.1963 0.2222 0.2627 0.2750 0.2871 0.2156 0.2317 0.2690 0.2825 0.2000 0.2000 0.2047 0.2548 0.2919 0.2964 0.3000 0.3000 0.3000 0.3000 0.3000 0.3000 0.3000 0.3511 0.4781 0.5400
-99999.0000 -99999.0000 -99999.0000 -99999.0000 -99999.0000 -99999.0000 0.2000 0.2000 0.2000 0.2000 0.2000 0.2000 0.2000 0.2000 0.2000 0.2000 0.2000 0.2000 0.2000 0.2000 0.2222 0.2000 0.2000 0.1929 0.2031 0.2633 0.3000 0.2776 0.2000 0.2077 0.2016 0.2625 0.2719 0.1828 0.1845 0.2039 0.2049 0.1984 0.1862 0.2508 0.2683 0.2896 0.3047 0.2484 0.2156 0.2067 0.2283 0.2000 0.2000 0.2000 0.2000 0.2240 0.2722 0.3000 0.3000 0.2930 0.2562 0.2982 0.3000 0.3000 0.3050 0.3583 0.3936
-99999.0000 -99999.0000 -99999.0000 -99999.0000 -99999.0000 -99999.0000 0.2000 0.2000 0.2000 -99999.0000 0.2000 0.2000 0.2000 0.2000 0.2000 0.2000 0.2000 0.2000 0.2000 0.2000 0.2400 0.2000 0.2000 0.2048 0.2306 0.2492 0.2817 0.2420 0.2000 0.2000 0.2188 0.2714 0.1852 0.1848 0.1360 0.1947 0.2000 0.2000 0.2000 0.2151 0.2000 0.2290 0.2685 0.2203 0.2032 0.1667 0.1370 0.1850 0.2035 0.2038 0.2000 0.2625 0.3000 0.3000 0.3000 0.3000 0.2933 0.2333 0.3000 0.3000 0.3000 0.3000 0.3000
-99999.0000 -99999.0000 -99999.0000 -99999.0000 -99999.0000 -99999.0000 -99999.0000 -99999.0000 -99999.0000 -99999.0000 0.1913 0.2197 0.1969 0.1947 0.1879 0.2000 0.1862 0.1968 0.2000 0.2000 0.2062 0.2000 0.2000 0.2125 0.3000 0.2678 0.2047 0.2031 0.2000 0.2317 0.2935 0.2133 0.1596 0.1891 0.1861 0.1345 0.2000 0.1969 0.1927 0.1714 0.2000 0.2081 0.2065 0.1879 0.2000 0.1646 0.1923 0.2023 0.2618 0.2880 0.2320 0.2900 0.3000 0.3000 0.3000 0.3000 0.2984 0.2790 0.3000 0.3000 0.3000 0.3000 0.3000
-99999.0000 -99999.0000 -99999.0000 -99999.0000 -99999.0000 -99999.0000 -99999.0000 -99999.0000 -99999.0000 -99999.0000 0.1667 0.1789 0.1367 0.1279 0.1586 0.1590 0.1703 0.1609 0.1953 0.1508 0.2000 0.2000 0.2000 0.2054 0.2766 0.2531 0.2172 0.2268 0.2438 0.2609 0.2661 0.2000 0.2208 0.1547 0.1156 0.1297 0.1692 0.1423 0.1167 0.1000 0.2000 0.1929 0.2000 0.2000 0.1933 0.1840 0.1524 0.2032 0.2255 0.2111 0.2571 0.2088 0.2750 0.3000 0.3000 0.3000 0.3000 0.3000 0.3000 0.3000 0.3000 0.3000 0.3000
